pre_start
-0.476381908716	4.93454688248	4.9328072681	1.52621296767
-0.479810215591	4.93445112227	4.8804370673	1.49375417076
-0.473697415225	4.93525774527	4.93959532155	1.51096498003
-0.459948268563	4.936256993	4.93130277308	1.5380251026
-0.523217022987	4.93329485287	4.96239483219	1.53399030287
-0.532194542017	4.93284176218	4.95715887688	1.54035519657
-0.531333593736	4.93289879327	4.95886958557	1.53238441119
-0.564182290834	4.93085418445	4.96354123825	1.54527928892
-0.563321688964	4.93091679849	4.93928839733	1.54150244002
