pre_start
-0.205085291734	-1.86077852356e-07	1.03744984383	0.168249432685
-0.205085291734	-1.86077852356e-07	1.03076628539	0.166726309999
-0.205852920529	-1.86077852356e-07	0.997102834802	0.256584895959
-0.218390857125	2.77629129253e-06	1.02849027266	0.234720389984
-0.225085674581	0.000151920240064	1.03606810923	0.215099443562
-0.236424403865	0.000566225766807	1.04124777898	0.21491886414
-0.242477186797	0.000736298843145	1.04245051651	0.212030133611
-0.255431228661	0.00122851206031	1.04686634277	0.215376812009
-0.26109647899	0.00150266802448	1.04091631254	0.20929917269
-0.274074678121	0.00245562974411	1.04883224888	0.212425029834
-0.281562450689	0.00295409407638	1.04961836702	0.212661443849
-0.289640699271	0.00357762031859	1.04791259004	0.207917269546
-0.297893342816	0.00407171923344	1.04867113117	0.208881693404
-0.309802508033	0.00480559064161	1.05883890021	0.210867063924
-0.321592086148	0.00617644622455	1.06197944702	0.207942296699
-0.329525666072	0.00694961777379	1.05828639935	0.213188192461
-0.343802579328	0.00859463822169	1.06552778244	0.223545124028
-0.352122330596	0.00922905942077	1.07298084734	0.216124085085
-0.35818756601	0.00976384329953	1.10180256079	0.239198336994
-0.372358253465	0.0121271829447	1.09983139421	0.230962896385
-0.378476053508	0.0130356759763	1.10171103447	0.219944055173
-0.390601213615	0.0150738234361	1.10055622582	0.22559287726
-0.405170252239	0.0173287055904	1.11343864286	0.227342245438
-0.413438535667	0.0183752451068	1.11531847178	0.230208076167
-0.424165826959	0.0200357886742	1.13140390599	0.237971896237
-0.430395196202	0.0209407492734	1.14831392731	0.241139933077
-0.443239003771	0.0222511686301	1.18214571314	0.250378435448
-0.451723616584	0.0231921082225	1.20474080624	0.253981548934
-0.46630727899	0.0245860615225	1.23240583225	0.254749639425
-0.475125575738	0.0251474447245	1.24069879491	0.254413558765
-0.488288073039	0.0257844651439	1.25394848929	0.256705628234
-0.497042670292	0.0265966213825	1.27646023704	0.260960747769
-0.505719229881	0.0273273223278	1.29772160373	0.255808851683
-0.51868436913	0.028739679865	1.32309654129	0.295176998321
-0.531727477056	0.0297537428519	1.37812359976	0.359283015033
-0.540732049907	0.0306270525986	1.42780549358	0.385255476857
-0.547357110557	0.0314015941453	1.40185993204	0.393947552132
-0.554051624244	0.0327974106547	1.4104501223	0.379580663392
-0.562748711821	0.0363434617406	1.41860674261	0.382406776526
-0.57091458909	0.0428210621772	1.43148327208	0.404102729477
-0.575085652379	0.044694798494	1.40871968614	0.286478192131
-0.58573498254	0.0479251201285	1.42365751246	0.305824953065
-0.595007374785	0.0488046729561	1.47919643157	0.315594398136
-0.610790556017	0.0469918938786	1.51345562929	0.313129599113
-0.622173147751	0.0462713703509	1.53161183017	0.308027278655
-0.629249962894	0.0459011599406	1.51110368079	0.432675134274
-0.643109926313	0.0459047326471	1.56308457228	0.314242726416
-0.651850378223	0.0471488116598	1.5806834959	0.321807667429
-0.660851479593	0.0495263088645	1.59935299925	0.34551069507
-0.677499559445	0.0477214255595	1.61527966659	0.349061953828
-0.691581964678	0.0480623636569	1.62406294271	0.347114198272
-0.701015712287	0.0484074092709	1.63339158768	0.343817133826
-0.710235891063	0.0491982788166	1.63387430242	0.348427859917
-0.724197962757	0.0494639591977	1.63704659357	0.260925655633
-0.731217741138	0.049188438988	1.640956345	0.350162886773
-0.748170747253	0.0470184224515	1.70758161521	0.287710288089
-0.757895261101	0.0454804623702	1.69967285541	0.380000127611
-0.767436943682	0.0450886519614	1.72321192357	0.391968081023
-0.777616404063	0.0419015449521	1.73785826186	0.379868226279
-0.781242521644	0.0406953733548	1.74884396205	0.385686311719
-0.789224718812	0.0435488882769	1.76736453944	0.387139008201
-0.798912961328	0.0434497346712	1.77458642546	0.387370444123
-0.806322487669	0.04418259046	1.81424706271	0.392058207359
-0.806527997411	0.0442875775749	1.78543535091	0.325872300132
-0.812750092819	0.0437619661339	1.80576491382	0.33255769041
-0.818193207266	0.04515337242	1.85644854317	0.329475644775
-0.829971434159	0.0438536875049	1.84781545901	0.335077576202
-0.837450120465	0.0448452724187	1.82078190972	0.3407765732
-0.849449272445	0.0446181762842	1.80126863697	0.348701489666
-0.855547656761	0.0446181762842	1.789408549	0.351549509564
-0.869136129826	0.0448493214861	1.87915508689	0.438645730079
-0.876435774324	0.0434454063875	1.89768226733	0.440576958672
-0.884174297266	0.0410804634015	1.93769485435	0.4542168258
-0.892831440419	0.040360190263	1.95352646161	0.459988989096
-0.892921244218	0.0387994476809	1.97353539568	0.448740419308
-0.905852516666	0.0401370820202	1.98814071726	0.458826536932
-0.911140626142	0.0401370820202	1.99514309909	0.456357691182
-0.921900502735	0.0421324343113	1.9955544467	0.46719058008
-0.934017582326	0.0427652219696	2.04030462035	0.452617672428
-0.940523403087	0.0416099163191	2.02356432081	0.511329710528
-0.954786760858	0.0388799351278	2.1201429668	0.563284429008
-0.964197919052	0.0391429453701	2.04434942334	0.510506473773
-0.972225763134	0.0363361682221	2.04211460749	0.504401563336
-0.984863665186	0.0321356645275	2.05605378171	0.510030827688
-0.991347321224	0.0310377471535	2.05840271718	0.508709973393
-1.00525944153	0.0272882474477	2.06251617482	0.49781351021
-1.01114834877	0.0258812932869	2.05468240487	0.477731510781
-1.0258088274	0.0201791784638	2.09717287476	0.506733339493
-1.03429639985	0.0183015433168	2.13649267243	0.456487164049
-1.04264009558	0.0169884079291	2.13525117605	0.473834166758
-1.05073392779	0.0152206398838	2.15707628995	0.471915579714
-1.06331715346	0.0150685876827	2.16403463977	0.480465331142
-1.0762662391	0.0134037697096	2.17565115784	0.478541935198
-1.08471478105	0.0130966921256	2.19111492644	0.483412100362
-1.09757274639	0.0115445711765	2.21301131015	0.484537788382
-1.10389028243	0.0110739148647	2.25876236225	0.523206094391
-1.11261748062	0.00854927494971	2.29350405666	0.596277504665
-1.12345250307	0.0082266207471	2.36271113129	0.575313959357
-1.13033788848	0.00564545109794	2.4403635976	0.620677735137
-1.14809511719	-0.00106129060772	2.45925126974	0.631588565825
-1.15947211582	-0.00438400334848	2.46461538074	0.689182553237
-1.16526179143	-0.00622758398656	2.46588463863	0.620461885206
-1.1770754131	-0.0109586366909	2.39041650619	0.56437801919
-1.18880149923	-0.0143837220189	2.45597142793	0.550982022673
-1.19684487946	-0.0180130626288	2.43202245062	0.53981539985
-1.20491754922	-0.0216722538097	2.44653561885	0.554268652911
-1.21898982945	-0.0253748896681	2.46276721793	0.549685569055
-1.22499972659	-0.0271551654838	2.43716451	0.541299564571
-1.24085671332	-0.0345129847608	2.4869908925	0.517784748101
-1.25068625393	-0.0376077207331	2.516177692	0.587615654207
-1.25694433273	-0.039076549719	2.53439472165	0.584541800029
-1.27032931464	-0.0446235315796	2.54843523045	0.583688018024
-1.27582830182	-0.0466794590988	2.54187013446	0.588761851006
-1.28403740472	-0.0526847367959	2.6170657352	0.662508445552
-1.29119790732	-0.0553356246655	2.54093381281	0.599058539294
-1.29792008248	-0.0564790868465	2.54253185614	0.594198945561
-1.3108614689	-0.0660947273587	2.5468265263	0.587287339653
-1.32994179335	-0.0789760272844	2.60230017681	0.691488158672
-1.33554530516	-0.0817387118545	2.58921135291	0.736019811191
-1.34658548349	-0.088098533802	2.54470035358	0.58205004469
-1.35385018051	-0.0933057595884	2.55037808082	0.58182491844
-1.36681732429	-0.101395071387	2.57561949627	0.581285166103
-1.37617901347	-0.108738412811	2.58602225784	0.534810256217
-1.3819135898	-0.113052776109	2.59183619216	0.529586841657
-1.39301517651	-0.121535935089	2.61490729486	0.528801754163
-1.40435952628	-0.129265355138	2.61677201572	0.525568721769
-1.4237681348	-0.145756261034	2.63115200843	0.519122949326
-1.4322889385	-0.147253509257	2.63137218847	0.514947129072
-1.44041200944	-0.150269718142	2.65486132156	0.523927586862
-1.45268675908	-0.168944108487	2.68682091882	0.405964235259
-1.45837073964	-0.173539107523	2.66523316899	0.405697716788
-1.46932287416	-0.185878645365	2.7644973104	0.504323091741
-1.47698935443	-0.192533403219	2.70352027821	0.428790649619
-1.48834257844	-0.200804900925	2.66664349436	0.403116226432
-1.49581546195	-0.208007511591	2.71886672882	0.548008657611
-1.50815390302	-0.217257202229	2.75720973958	0.587040211376
-1.51078742929	-0.21885293853	2.78716600593	0.594377882738
-1.5100263167	-0.224093151115	2.73245108028	0.513452530018
-1.5101434727	-0.223409810246	2.76532966508	0.505153077117
-1.50993387628	-0.223637567578	2.78511011387	0.494286124812
-1.51312869575	-0.223409259454	2.78978237925	0.502092627055
-1.52486980234	-0.231000081837	2.80708609904	0.500064942881
-1.52943455222	-0.236549919338	2.80244846653	0.508779679524
-1.53598181642	-0.245377990145	2.8116817999	0.503550542687
-1.53581018592	-0.246307130871	2.81301572582	0.499049223937
-1.54574755887	-0.24560619283	2.83265362718	0.501128402778
-1.5511903477	-0.251006260151	2.84737903226	0.508340748782
-1.55674016986	-0.260444864577	2.86875446653	0.515665420024
-1.55673943761	-0.263748154363	2.85253229958	0.508903659442
-1.56257159948	-0.264459013409	2.86234695034	0.50361973704
-1.57282625229	-0.268511116316	2.87203020318	0.39330600859
-1.5789321729	-0.272588849014	2.86181464485	0.512184185037
-1.58826405094	-0.28489186501	2.86415301134	0.513619380097
-1.59560382021	-0.29022586774	2.86803987497	0.512866071531
-1.60259968678	-0.295103162135	2.86721964224	0.523325834402
-1.60196916801	-0.298273549675	2.87006942244	0.52955962346
-1.60829643879	-0.295578293042	2.87936345816	0.528585978595
-1.60726193304	-0.299250457292	2.90298501983	0.532402057377
-1.60724268159	-0.299739905919	2.91364894201	0.532937367036
-1.61049722946	-0.300474077348	2.92272555491	0.5304605049
-1.6182315227	-0.298995715725	2.93093528741	0.534497809933
-1.62960574812	-0.301484976426	2.9343401583	0.533516534553
-1.63493111079	-0.304730168797	2.94105623551	0.536893055739
-1.64861684601	-0.308742304487	2.94946482226	0.534174620973
-1.6556163303	-0.310512877637	2.93885925749	0.538685514653
-1.66614812041	-0.313312895352	2.96570570251	0.552782273219
-1.67378176223	-0.313311897971	2.97103778627	0.566865044861
-1.68547903785	-0.314859231246	3.00439279047	0.46264095592
-1.69322828797	-0.31511898088	2.98025268627	0.448794849623
-1.70040774123	-0.317469349944	3.01023661026	0.475953768873
-1.71033873044	-0.325074330572	2.98399416803	0.575005697716
-1.71566874879	-0.32744768649	3.03004797592	0.497084308076
-1.72625173084	-0.334072816203	3.01867351905	0.486883457252
-1.73754234167	-0.337816399576	3.00985014543	0.597245555233
-1.74645264534	-0.342651365142	3.02322245114	0.605510478098
-1.75481988522	-0.341839928244	3.03616633632	0.608629270852
-1.76367090479	-0.33939491114	3.04916154302	0.620519220497
-1.77608781088	-0.338572337934	3.04482398454	0.609639080096
-1.78490701471	-0.335817893779	3.05371153972	0.615763145832
-1.79829124945	-0.331379529429	3.06426047298	0.614748260033
-1.81169124885	-0.327183160292	3.06823029252	0.620180532556
-1.82081769737	-0.324648046449	3.08154960765	0.641094881722
-1.83430128526	-0.320957690773	3.07850349306	0.653308754144
-1.84816282878	-0.315234918478	3.14465982167	0.564334792585
-1.85754266954	-0.311201299765	3.13966972111	0.565434010758
-1.86466191998	-0.308015547228	3.11553678742	0.563725595153
-1.88002357506	-0.308888350018	3.1151768786	0.571251157392
-1.88664495143	-0.308594852307	3.13251463853	0.59279752635
-1.89332631225	-0.310069875895	3.08156762153	0.573562767778
-1.90401511235	-0.311551689673	3.06532540762	0.589516821438
-1.90885319761	-0.312146465644	3.1612496784	0.64249934621
-1.92354648617	-0.307058656794	3.12619885774	0.744676879833
-1.93209723373	-0.304047216883	3.14255893075	0.749729942941
-1.94005553451	-0.300719385169	3.14112808023	0.743438338586
-1.95633112659	-0.284268803173	3.14653827726	0.745264512924
-1.96276515632	-0.280590735381	3.1416583503	0.737705913179
-1.97624561704	-0.270716991625	3.14793160681	0.746402641168
-1.98948195563	-0.262634684369	3.14505449458	0.739667189679
-1.99639435583	-0.25732065077	3.15453204365	0.73959046066
-2.01213342634	-0.246630859663	3.14782877832	0.737172534827
-2.02363737538	-0.237759287752	3.14505469543	0.735516316368
-2.03317602565	-0.228517241196	3.15261449135	0.73477974855
-2.0466965148	-0.217611314293	3.15263653363	0.734432176217
-2.05357698271	-0.213095029254	3.15320883708	0.737375200334
-2.06329604444	-0.204045539653	3.15307473296	0.741083778287
-2.0691952568	-0.202744135361	3.16112508876	0.734660205591
-2.08312253031	-0.186066778127	3.16051002221	0.722667735577
-2.09233790712	-0.172576939906	3.16084074019	0.730211965492
-2.10086229226	-0.164974509371	3.20081709606	0.810454911057
-2.10931609194	-0.158334065291	3.16418970333	0.729979468147
-2.12162410057	-0.148981189858	3.16238135605	0.725645937966
-2.13446646555	-0.133180382239	3.1643706635	0.724086248907
-2.14097529825	-0.126423337538	3.17316089797	0.717279447044
-2.15369485956	-0.114544574033	3.18436186092	0.735914699912
-2.16195347276	-0.108060030842	3.22300349268	0.653043846329
-2.17451560413	-0.0943352259457	3.1999061557	0.642551131005
-2.18280134891	-0.0922662271502	3.18444644497	0.634052165234
-2.19526841326	-0.0832439595181	3.22163543997	0.664935286003
-2.20774060736	-0.075221148275	3.24245521729	0.685483382871
-2.21620968946	-0.0685570111333	3.2022564999	0.665076084181
-2.2244739319	-0.063626987533	3.26766775097	0.701381182661
-2.23156696333	-0.0671701808029	3.27148332485	0.79028685895
-2.2388365602	-0.0611386907385	3.29281851047	0.789898598882
-2.24926771954	-0.0454575474709	3.3045814708	0.792861037781
-2.2550845086	-0.0307883638507	3.30792138448	0.793734253678
-2.26722090652	-0.0178595832991	3.30858502872	0.805050691117
-2.27915434049	-0.0131556132481	3.31509181679	0.798750346471
-2.28720784573	-0.0048032299869	3.31613070887	0.795913504886
-2.2984255441	0.00395497392391	3.32357575008	0.799110793663
-2.30622552625	0.0145800274046	3.33908322824	0.806196029295
-2.32030850247	0.0230470875146	3.40246471017	0.895843754733
-2.32828573092	0.0297132710316	3.42208597079	0.892679800863
-2.33413457168	0.0349158272763	3.40588637743	0.911737607776
-2.34612581305	0.0416329874709	3.39984506104	0.90914754033
-2.35394162416	0.0472552109011	3.42015756946	0.909240446968
-2.36723598519	0.0642099046175	3.42244334876	0.911847221301
-2.37687548847	0.07480879935	3.42839386048	0.902252325182
-2.3826570324	0.0812703860822	3.41808358875	0.904755731942
-2.39030157972	0.0976643169172	3.45904140477	0.838662686182
-2.39057403293	0.0991898468703	3.47794977358	0.852996453127
-2.40219661512	0.101493703839	3.48709445667	0.820964170744
-2.41133897506	0.109190793567	3.51052816166	0.816916500799
-2.41816186664	0.113437219256	3.52035961136	0.812662160731
-2.42881915156	0.121581706778	3.53782182072	0.821295719558
-2.4378130317	0.117682542067	3.55793409121	0.834135533446
-2.45138304895	0.113378880034	3.63118919859	0.893912982467
-2.45699250414	0.113771928604	3.6589994464	0.847720203586
-2.47024700543	0.107847268675	3.66952119218	0.823521222044
-2.4803683021	0.103880121802	3.63982388506	0.862444488343
-2.48901658779	0.0983032370345	3.64312132144	0.862196191172
-2.49805655164	0.091105267454	3.63379470207	0.870046866001
-2.49814658595	0.0899045762018	3.64862792908	0.873349165404
-2.50224060612	0.0899052907431	3.66392466111	0.88884904163
-2.51268904867	0.0931216347085	3.67794945236	0.821984767931
-2.51943165724	0.0971579509317	3.69886312168	0.815049406524
-2.52717624456	0.0975635835696	3.70621023901	0.821541500986
-2.54232308135	0.0910557631897	3.71999007193	0.82143762562
-2.54855818011	0.0886016438322	3.72668427242	0.822487793289
-2.56180281448	0.0795724367958	3.73656504051	0.81322206767
-2.56967016218	0.0750354761385	3.73319792091	0.813246287123
-2.58187261133	0.069235343767	3.73908406585	0.814767257463
-2.58808483812	0.0667398202106	3.7365165207	0.81588343528
-2.59692991089	0.0613173094375	3.74305760867	0.812933717884
-2.60586100717	0.057130380613	3.75644073862	0.81865213218
-2.61233319808	0.0575499300551	3.75605918924	0.816548867473
-2.62445614548	0.0533301686648	3.75247960252	0.813916997262
-2.63088969241	0.051636590889	3.74626175566	0.816414381184
-2.64429064456	0.0490897315379	3.75525928386	0.812350345918
-2.64986717518	0.0516500183091	3.74330482583	0.810097522656
-2.66409538212	0.0482175859114	3.74759848368	0.813513551131
-2.67204196949	0.0452059567284	3.75046932124	0.807020515095
-2.67976352965	0.0495229104532	3.74496491534	0.805936187402
-2.69342663965	0.0508217682189	3.75991164696	0.808025356823
-2.69942778975	0.053433955713	3.7481708372	0.806651608096
-2.71187107048	0.0538693444483	3.75529768161	0.810202360007
-2.72400014753	0.0569447966939	3.76287462426	0.813013621225
-2.73009052268	0.0591483761129	3.75762157301	0.816478226207
-2.7447826052	0.0600374766809	3.76788236019	0.808946054769
-2.75101896996	0.0631480720044	3.75464776076	0.803964478737
-2.7654782229	0.0711758881581	3.76003957352	0.804186069237
-2.77160581323	0.0761035548096	3.7555959143	0.803173024994
-2.78406400769	0.0814953273812	3.76021890354	0.799928816256
-2.79223107028	0.0873625058833	3.7583183257	0.804215750618
-2.80641012486	0.0986935253076	3.75895270381	0.796708085135
-2.81048045168	0.103694388082	3.7527744217	0.794313443946
-2.82286210219	0.115559179523	3.75331400287	0.800361743983
-2.83521198905	0.127023330128	3.76502577445	0.805336729621
-2.841422368	0.132545326891	3.75451437344	0.796412150557
-2.85391868398	0.143164895028	3.77606138853	0.804963592417
-2.86810603711	0.159873963973	3.77114764479	0.888726598668
-2.87636456887	0.166397735507	3.86409290931	0.930287210985
-2.88463189657	0.17387641284	3.87564326324	0.971148167173
-2.89359759156	0.171062532736	3.85871648677	0.958098797115
-2.89771654634	0.16589461119	3.85293212411	0.948847955858
-2.90876187177	0.16589461119	3.87830157204	0.975411326954
-2.91360978758	0.165421872123	3.87485066999	0.968859628653
-2.92448282888	0.166850576417	3.91835991957	0.873290960105
-2.93180253087	0.181121492437	3.93174870412	0.880407820993
-2.94631283129	0.185413472717	3.94663381667	0.884669735798
-2.95586943174	0.189730622225	3.95848291038	0.87905484293
-2.96148698478	0.193579591565	3.96866406406	0.879456503227
-2.97269074975	0.200332581196	3.9763478721	0.88630226355
-2.98136063365	0.195974332776	3.98153457777	0.886932113403
-2.98604321356	0.195487463521	4.00541995555	0.902774094167
-2.9965671929	0.20279364245	4.03131727516	0.899320131358
-3.01191982741	0.212566046439	4.10380087886	0.846363509869
-3.02015834012	0.209620546572	4.03040194868	0.778116617119
-3.03329255657	0.203207209967	4.03534153269	0.789870895287
-3.04465712246	0.201725309166	4.0762876014	0.809604729309
-3.05217752956	0.202718489173	4.07824921029	0.817266438025
-3.06467030973	0.199725053628	4.1038393418	0.923582871519
-3.07289316522	0.19922560158	4.11886799256	0.941939443972
-3.08465910536	0.20173658552	4.12883276668	1.00933291191
-3.09453225484	0.20324851938	4.15304633358	0.929564725412
-3.1124730981	0.212365189485	4.18922368649	0.928158745176
-3.12098516353	0.210839506337	4.20112047598	0.931185616756
-3.12972061835	0.206757212305	4.20505004445	0.92763644358
-3.13024011134	0.20114155837	4.21352181926	0.927395781442
-3.13016972147	0.202162647522	4.22485710362	0.934366445815
-3.1390961329	0.206260652892	4.25053081266	0.932282355565
-3.14345957883	0.210876632665	4.25154606452	0.926237523527
-3.15467548845	0.210876632665	4.25143896173	0.938464155542
-3.16794285319	0.198478354474	4.24915213341	0.928826214543
-3.18565931799	0.194327753248	4.25041237052	0.935412908311
-3.19372246251	0.189635324513	4.24887208369	0.935522644917
-3.205914892	0.18492811472	4.25418179031	0.937286858877
-3.21844247958	0.182301630592	4.24886627318	0.931410864817
-3.22649170759	0.181775333059	4.24939335869	0.931846974535
-3.23840082798	0.182304764153	4.24686222942	0.928157527102
-3.24646093029	0.182304406883	4.25022006983	0.930348767342
-3.2544783866	0.182304406883	4.24505793097	0.930404409704
-3.26816305728	0.188712548927	4.24870253239	0.941704797887
-3.28816285894	0.196238170585	4.31051206424	0.864365886397
-3.29251879329	0.199470658082	4.27011603022	0.847614183276
-3.29677735749	0.196233064593	4.24537959844	0.830558626659
-3.30245064645	0.202180111886	4.28348222407	0.872313285531
-3.30866620101	0.211914730414	4.30749611046	0.904180443723
-3.31391126729	0.216255798826	4.33041412494	0.96004419719
-3.32635463745	0.226577908274	4.28628196483	1.07717582416
-3.33308298143	0.224940078764	4.29373810845	1.09291037221
-3.34493161675	0.223849520231	4.31073202153	1.0956022822
-3.36022295563	0.244194351123	4.32248979805	1.08684407337
-3.37226586681	0.265178845528	4.32060749786	1.09979103551
-3.37945027483	0.273486177398	4.33651890103	1.11902814074
-3.38714808858	0.275706775709	4.35902673975	1.1993525976
-3.39750793492	0.292969625455	4.39990752528	1.23806501452
-3.40782833363	0.30973012121	4.41773307225	1.2593192183
-3.41467702401	0.323730945486	4.38961150545	1.26981854929
-3.42166755442	0.33664008071	4.39669233402	1.28916252946
-3.43508228061	0.348466854772	4.39716671157	1.28614576771
-3.44024053926	0.358632415742	4.40625858585	1.28208465037
-3.45104968295	0.375049019985	4.41089767495	1.2951051593
-3.46139956775	0.393224718222	4.42294858673	1.29971746742
-3.46692310499	0.400057346426	4.42920476398	1.22685269024
-3.47240188148	0.410885858271	4.44926719382	1.24590208428
-3.4797571465	0.41545975713	4.46354583344	1.2491301026
-3.48238424868	0.420605474229	4.47320117151	1.26277333373
-3.49008906782	0.426338491812	4.47611343292	1.25854235498
-3.49717531576	0.44874027508	4.50611827423	1.29132295081
-3.50379129961	0.461979936279	4.51509443026	1.41733522978
-3.51455714429	0.471218169057	4.53882407504	1.45822406902
-3.51956560049	0.475268028558	4.58277027326	1.48596028701
-3.52568942516	0.492055877106	4.58352924847	1.50242696316
-3.53101701864	0.494377995313	4.57531174342	1.51404396916
-3.53830674816	0.513571657114	4.58048262196	1.51088341323
-3.54302338585	0.535128750631	4.59290775604	1.5368360945
-3.5546018742	0.549724025931	4.5935353682	1.53394362495
-3.56337223517	0.554997340261	4.62308422925	1.46224632691
-3.56722787069	0.566150002554	4.62427370884	1.46892218664
-3.57573178407	0.583787801644	4.62056314765	1.47246615262
-3.58361369106	0.585556190395	4.62139656149	1.46761928281
-3.5960011785	0.596200715088	4.63843707933	1.47582470182
-3.60109321443	0.600943139995	4.64609154977	1.49285130894
-3.6127703921	0.613423533767	4.64461372292	1.49795298459
-3.61979731532	0.619381561593	4.7160402799	1.43922566482
-3.62724513951	0.624158380471	4.73232017306	1.46266876892
-3.634313856	0.630740691606	4.68564055103	1.41900277318
-3.63501513168	0.627149132689	4.69828698758	1.45013650378
-3.63813409373	0.63014470682	4.70805910642	1.46379050914
-3.64687123905	0.637353896615	4.70711458502	1.47005360017
-3.65178580082	0.645774032118	4.73882977585	1.509703353
-3.65006781101	0.655998626606	4.71014214053	1.50031767691
-3.65727668132	0.648778510552	4.71584088547	1.49598264662
-3.65840702635	0.659027474242	4.71471921254	1.4842272924
-3.65979839314	0.664451689743	4.72723807563	1.5052821671
-3.66650970502	0.667472680587	4.69815061449	1.47508780108
-3.67067735066	0.681989252668	4.71195385885	1.49597322487
-3.67507605758	0.679564861052	4.70701175581	1.49592402246
-3.67662737393	0.693506893108	4.71335404926	1.49417215214
-3.67600790247	0.695324403827	4.71620218537	1.50394654028
-3.67653513063	0.692901058586	4.70062013428	1.49372043726
-3.68597599412	0.698373781976	4.72225643588	1.49765111931
-3.69141306659	0.720275294965	4.73242790973	1.52164636183
-3.69668183166	0.733072513487	4.71874458135	1.50432491096
-3.70307334065	0.739175948689	4.68064507067	1.46955988906
-3.7106683627	0.736115750811	4.7154977422	1.5131234595
-3.71444782643	0.744080343788	4.69769424068	1.46868469658
-3.7142248888	0.774112742754	4.70887475196	1.49026513212
-3.7158198729	0.782689870672	4.68616434059	1.47087295661
-3.72782849827	0.783928794919	4.71778565684	1.50502550184
-3.73212902789	0.795009647004	4.67568848886	1.46330559756
-3.74227064097	0.808577249871	4.69744569136	1.48311358044
-3.74494740562	0.816609935726	4.69953737301	1.49513719344
-3.74951053206	0.816608342894	4.69710535731	1.48714299664
-3.75489257196	0.826524722868	4.71647740564	1.4989533495
-3.75336838029	0.830860491663	4.71073161948	1.49883204553
-3.76164171282	0.83086088615	4.69811215077	1.47743156296
-3.76465150732	0.844533476675	4.67078297978	1.46069565074
-3.76859807292	0.845151256811	4.70387300837	1.49861487913
-3.77630727933	0.859481264016	4.72646669663	1.53991710118
-3.77921848098	0.875079700434	4.75969180859	1.57572887163
-3.77356305333	0.899390786398	4.75641938127	1.61985788017
-3.77488675049	0.895652901515	4.77615503903	1.63708897165
-3.78234524908	0.907522053612	4.79790003985	1.61730610717
-3.78379962177	0.935014877397	4.8005254595	1.60357080718
-3.78772631153	0.948147235235	4.82369444796	1.67174627408
-3.79180970669	0.97381751957	4.8037413269	1.62675146358
-3.79427371535	0.986352432141	4.76903660778	1.61735493584
-3.80553909326	0.995766541398	4.79250105754	1.6611585718
-3.81355020717	1.0089892457	4.82162356651	1.69983590134
-3.81719768117	1.02286179447	4.7811833673	1.64805436332
-3.81919012488	1.0430543075	4.79045879524	1.69818140569
-3.82721534068	1.04494788228	4.81529265086	1.79338119691
-3.8334899424	1.03735210052	4.7580997661	1.75213141276
-3.83503178872	1.0589063013	4.7176171328	1.86713335536
-3.83285223301	1.06460622933	4.73206813285	1.88259141215
-3.84104027333	1.0646071225	4.73903808544	1.86738413589
-3.84094280024	1.10778709205	4.75632945699	1.90154014882
-3.84386622524	1.11858873335	4.74757264927	1.90575771824
-3.8470686937	1.13512192037	4.7424194898	1.89548803687
-3.84907665284	1.14083891275	4.75404919924	1.93015948004
-3.85141445489	1.15293719807	4.69398221441	2.03564208174
-3.85143616435	1.18350542662	4.71922949718	2.05444201457
-3.85135584662	1.20834350841	4.73814218123	2.05467987381
-3.86059050109	1.22491030137	4.72169060935	2.04955433951
-3.86361525102	1.22746412569	4.69712180036	2.03424475325
-3.86599081607	1.25432008635	4.70031828982	2.02210944709
-3.86171359589	1.28947005052	4.69506655113	2.03880163927
-3.85945747774	1.29585025251	4.75028161255	2.07157297564
-3.8690398341	1.29649961511	4.70720228955	2.05976767407
-3.86464407777	1.33487163447	4.6959358372	2.05378624121
-3.86564498316	1.35341288272	4.71531454795	2.04715834383
-3.86606244037	1.37451172202	4.7035002164	2.04370381371
-3.87434591373	1.38988025809	4.69975000248	2.06200245236
-3.87263745921	1.40846180134	4.68917913326	2.03443914534
-3.86947787185	1.45135913156	4.69247151942	2.06171046586
-3.86911791025	1.47247795311	4.69242391754	2.05473256156
-3.87046111132	1.48014498794	4.69870169038	2.05948426958
-3.87554481835	1.48720069353	4.73694319685	1.97784309243
-3.87028106311	1.52435646236	4.74867953674	1.97966978856
-3.86198865107	1.56655306268	4.74124142006	1.97107163153
-3.8627440799	1.57869125934	4.82393383992	1.94810899565
-3.86906677174	1.58508413292	4.79909953398	1.89196874601
-3.87354328115	1.58380092718	4.75029475455	1.9855305119
-3.87109883236	1.59917033648	4.74299772757	1.97252545652
-3.86841735944	1.60364724083	4.74974864857	1.98737450941
-3.87683815713	1.61198784131	4.75302918276	1.99111844954
-3.87663556695	1.62801779149	4.74809760321	1.9709029268
-3.87661435979	1.64145275249	4.75779342558	1.99854105133
-3.87884037039	1.64915083713	4.75264734734	1.97540401752
-3.87632461235	1.67993968949	4.7552181642	1.98204265558
-3.87328771986	1.70301283551	4.71686221405	2.02318456255
-3.87627804763	1.71454924364	4.74858620771	1.98064436
-3.88387179515	1.72803588123	4.76099738895	1.98268555686
-3.88179810727	1.74409549108	4.76099470949	1.98189454836
-3.87850257716	1.7787557242	4.76529959502	1.9898862797
-3.87976100182	1.78838234371	4.6931615082	2.04651467085
-3.88667797896	1.79930435987	4.69414369117	2.02465238905
-3.88816117587	1.81281099494	4.69347200879	2.0412549547
-3.88356669133	1.8501050121	4.69019493761	2.06011726642
-3.87948545053	1.87835530112	4.68404618993	2.10374696662
-3.87789676027	1.89375686397	4.62274362059	2.141922345
-3.87666120516	1.92005534625	4.58873267035	2.18322384945
-3.87451405642	1.93544310542	4.5781572046	2.1832621762
-3.86093368051	1.98343073189	4.58911378203	2.15805535198
-3.85130163166	2.02424443842	4.5629880238	2.20934146819
-3.84864448666	2.04779888832	4.5651995815	2.21129729644
-3.83967697687	2.07830936817	4.56407738809	2.24460089109
-3.81865107674	2.1143633661	4.62448806837	2.18420584965
-3.82891602579	2.11753638583	4.65279817668	2.21743991114
-3.80821887818	2.16929469292	4.64917116085	2.23070249969
-3.7924235143	2.20822680139	4.64556119122	2.21457910027
-3.78325563592	2.23513147498	4.63569185242	2.24073772168
-3.78118944256	2.26136762417	4.61784731523	2.27109675374
-3.77766952848	2.27572753612	4.73970186962	2.23068491503
-3.75054963556	2.32981923712	4.6035602221	2.29225387402
-3.74982145132	2.33105675523	4.59594993384	2.29649248496
-3.75607841081	2.32672641826	4.54022119239	2.34513295164
-3.75724854402	2.33541274521	4.56049815146	2.34077022533
-3.73631015661	2.38427124282	4.5365107201	2.3775637116
-3.72383189511	2.41751807308	4.59811762101	2.30632839762
-3.72286979125	2.42796647477	4.59268089289	2.29219221263
-3.72132562436	2.44209726162	4.70911865901	2.2476340984
-3.71316535825	2.4537442487	4.58798910178	2.3023487697
-3.71388324391	2.47092672039	4.54117437914	2.37073984971
-3.70083632631	2.49661938659	4.6071331877	2.29721765391
-3.66586520274	2.56223220385	4.59689132391	2.30526197943
-3.65687366237	2.58577569805	4.58608714142	2.32648698444
-3.66034687556	2.59241140323	4.5930196	2.32965920869
-3.65775507218	2.61172147839	4.60743729985	2.33494409565
-3.63065179909	2.66219255039	4.60720081761	2.35167535952
-3.62166363126	2.6866852448	4.6004461309	2.37535558883
-3.62062311955	2.69861907634	4.59766336368	2.36407618237
-3.61221984723	2.71947372529	4.57608876356	2.36056348041
-3.60709178664	2.74088357891	4.50366109813	2.43801650337
-3.58700502469	2.78059309381	4.46135832804	2.44570579672
-3.57796678945	2.79888347813	4.45694478234	2.4854140503
-3.56185384098	2.8323938611	4.45616529597	2.51848439979
-3.54964511987	2.8563888967	4.45350164364	2.51060443151
-3.52609028362	2.90063836138	4.46225466212	2.51248129664
-3.51722777945	2.92264729656	4.46960881763	2.49955431721
-3.48447874346	2.98023661786	4.5441765562	2.47945345313
-3.47614142623	2.99854385776	4.55224042567	2.50567691371
-3.45307506032	3.03726757557	4.54901190407	2.51882858121
-3.44795873085	3.05654374602	4.54826008984	2.51839307134
-3.44048209362	3.07352004547	4.54940663828	2.51360460979
-3.43019053214	3.09552254491	4.53405932669	2.54676721379
-3.41941956234	3.11577028807	4.52731800028	2.54049188096
-3.40697288251	3.14211467107	4.51064233066	2.55948905531
-3.39971452092	3.15608424225	4.50471029972	2.55702857976
-3.35831579989	3.22374824586	4.49724692483	2.57858491403
-3.3457787724	3.24463782925	4.50231063314	2.58018726525
-3.33363070873	3.26489892968	4.50086709533	2.56815064231
-3.31545329834	3.29705695793	4.49940737022	2.58347527616
-3.30243102839	3.31766219703	4.49317294066	2.56600598994
-3.2878766065	3.34357589063	4.50028309444	2.58466445565
-3.27114990329	3.36721063733	4.49228020493	2.57667075896
-3.24898356118	3.39923513243	4.4922862554	2.57614833329
-3.23903083151	3.41410291288	4.4979930783	2.58605205088
-3.20236090684	3.46624721262	4.4910201451	2.5808472386
-3.18140796201	3.49808436633	4.49052872992	2.60087088241
-3.16214071904	3.52192615813	4.49052837937	2.61011846286
-3.14731079058	3.54202367466	4.50154596691	2.61533819509
-3.11647333474	3.5803788835	4.50993752762	2.64984802777
-3.10329732831	3.59662203955	4.50538289627	2.65743171687
-3.06679948668	3.63839784043	4.50552004191	2.680137057
-3.04976893927	3.65684467783	4.46054243862	2.61007377708
-3.02307756578	3.68801065421	4.49268359983	2.70280810858
-3.00337473152	3.7213725912	4.49012490541	2.70651527824
-2.99926908745	3.7316329118	4.484114835	2.71649128276
-2.99188853699	3.74772606461	4.48112773557	2.71866315258
-2.98327202834	3.76474644126	4.47069388729	2.7331085646
-2.97851924991	3.77541483432	4.47455231342	2.72784263402
-2.96125012857	3.79861168657	4.47554173495	2.75161347798
-2.94990351241	3.81207128214	4.47139802987	2.76086824968
-2.92442291357	3.8426324032	4.46556163527	2.75848156588
-2.91168606208	3.85685738237	4.46894163965	2.75935928249
-2.85939922765	3.91492029385	4.48304246565	2.78784877185
-2.83721758267	3.93663167924	4.48128023437	2.81430360609
-2.82666171871	3.94856901658	4.48289205736	2.82449629307
-2.80759549775	3.97093778438	4.48184868453	2.83679655851
-2.79952831518	3.9827432808	4.56226857343	2.884160543
-2.79817347726	3.99497656	4.46908812707	2.86841738115
-2.79908165056	4.00086832079	4.54750757402	2.92675818332
-2.80108384617	4.00449703996	4.46557412262	2.8724071247
-2.8068036232	4.01222032853	4.55026432312	2.91968695658
-2.80486683143	4.01994670232	4.54822420374	2.9089033648
-2.80037256986	4.03266246894	4.55425611487	2.91767637371
-2.80000338741	4.03765195586	4.55328853173	2.92705035752
-2.79099362159	4.0548549022	4.54813032609	2.93922109608
-2.79262192361	4.05847185891	4.54772166717	2.9301185961
-2.78920499052	4.07203043547	4.54786988601	2.92582071011
-2.7901515868	4.07790275812	4.52742893701	2.96671281729
-2.78049127518	4.09503796912	4.51967741161	3.01910158473
-2.77494085909	4.10493071077	4.5175649508	3.06380448473
-2.76665073492	4.11972606547	4.49932670572	3.10077342224
-2.76087769949	4.12956112718	4.51434291535	3.10477259974
-2.75688415911	4.13670345225	4.49479129143	3.11620617861
-2.75058463548	4.15007006857	4.48575912503	3.14260914562
-2.74194964312	4.16472302404	4.48688499059	3.13797803266
-2.73867135795	4.17137044762	4.49049792746	3.13810253528
-2.71995627764	4.1934308063	4.49232124836	3.13045036663
-2.71260384577	4.20396299808	4.50342959932	3.11645733066
-2.70806371006	4.21271973406	4.49470016126	3.12185183811
-2.68681411469	4.23580645837	4.50120444425	3.10886215326
-2.66803688548	4.2556867703	4.47472568619	3.16109917359
-2.6502488903	4.27198426703	4.47292696484	3.16452342708
-2.64400115575	4.28009581975	4.47657770311	3.20245035818
-2.63421068284	4.29456490083	4.48045802065	3.24251461039
-2.60688859276	4.31989332477	4.46142760282	3.28336854795
-2.5928740605	4.33328589286	4.44981034344	3.30726947827
-2.57368603506	4.34949628076	4.4704587229	3.27486785635
-2.54955174867	4.37091248299	4.47617060048	3.32785903066
-2.54526886592	4.37746480621	4.49518747792	3.30386070233
-2.52505348906	4.39210664157	4.45059707983	3.32309227255
-2.52732135182	4.39698407011	4.45692379545	3.32262010338
-2.5207490533	4.40306176908	4.4581641221	3.32391933609
-2.47424091958	4.43431490535	4.46025493671	3.31815648662
-2.45143159297	4.45127048098	4.45476467128	3.297691804
-2.45461587097	4.4536280151	4.37411185863	3.39697718393
-2.42804557995	4.47278182915	4.4196764842	3.39021884661
-2.41683731535	4.48323769624	4.43524744966	3.37519207655
-2.416631113	4.48633008798	4.41527403504	3.47803176496
-2.40823355212	4.49636095217	4.41653948942	3.51213653766
-2.39896997745	4.50481243263	4.44723762552	3.4928402313
-2.37776548034	4.5219861586	4.41131837399	3.53199345204
-2.36912512039	4.53107557912	4.41799867443	3.53094470189
-2.36585682717	4.53561121147	4.44049742003	3.55915580909
-2.34721595803	4.55027881983	4.42569725421	3.54764032906
-2.33632504293	4.55923931985	4.40480436443	3.56802343324
-2.32584457687	4.57001933067	4.39187274078	3.58099376094
-2.31312267072	4.5788899589	4.44785764735	3.53920917925
-2.30307316923	4.59028249964	4.43298518281	3.52461099697
-2.29419393364	4.59723579355	4.44108792634	3.52594781298
-2.26955714782	4.61502312927	4.42859985826	3.54846998967
-2.25991729204	4.62222428939	4.41319991537	3.586142258
-2.24439837451	4.63582042784	4.37404612933	3.65928053223
-2.24112420765	4.64009505015	4.39273580708	3.67156292787
-2.22089034831	4.65176917125	4.40385742762	3.67719198615
-2.21441181872	4.658103472	4.39185435213	3.68532496471
-2.20854878946	4.66055474623	4.3627960365	3.7325479756
-2.21390220703	4.66266656505	4.37479848602	3.73312040169
-2.19976470696	4.67140855664	4.38328871801	3.73482871454
-2.17946346046	4.6856295291	4.35775565096	3.7681255403
-2.17136882713	4.69251557245	4.40335203834	3.71867563328
-2.17071483899	4.69629418181	4.38404496748	3.73313866964
-2.18237877142	4.69388204024	4.39890611104	3.73106467705
-2.18063247318	4.69699114987	4.38419724912	3.73895950256
-2.15448326179	4.71208089663	4.35003323799	3.77923406554
-2.1443390074	4.72091330139	4.37131155267	3.75985602086
-2.14653055902	4.72362689505	4.37547793487	3.77266048378
-2.14848875191	4.72770050433	4.35705188238	3.83084621391
-2.14943408861	4.73041804705	4.40793625476	3.8226704961
-2.14158360418	4.73686223858	4.36756840955	3.8867942277
-2.14675620208	4.73483152209	4.35499134639	3.90913602824
-2.14758255649	4.73449254959	4.36109426107	3.91281111458
-2.15001102238	4.73720987733	4.38277886736	3.89403731136
-2.14641265396	4.74264217254	4.43268046315	3.85500074353
-2.14310371364	4.74637180952	4.38435562347	3.88349152684
-2.14468260075	4.7517882338	4.34145634046	3.96198696735
-2.14567592002	4.75382311107	4.37191357367	3.9106215676
-2.14395202867	4.7599256545	4.34697820553	3.93823583576
-2.14127071147	4.76331233763	4.38844448429	3.88295497266
-2.13894560817	4.76702679497	4.36242374527	3.91474652391
-2.15528040602	4.76498606691	4.39182561929	3.86150322389
-2.1559404303	4.76669039841	4.38854605206	3.89664870626
-2.1506761419	4.77350026808	4.34981622118	3.93103356236
-2.15461248259	4.77520266989	4.27253756381	3.97242350339
-2.16188177099	4.77554323344	4.30171295262	3.99687108339
-2.17025632756	4.77212049907	4.26120367214	4.13243228105
-2.165257898	4.7741758937	4.34916897096	3.97378488926
-2.17314398577	4.77486877879	4.34268515893	4.01586558922
-2.15196440557	4.78615448768	4.32377315938	4.0350994165
-2.14567058974	4.79158842954	4.35735619016	4.00343466064
-2.15913080054	4.78785096023	4.32969162178	4.02549999315
-2.16220972898	4.7905872855	4.34910515438	4.01838110897
-2.16568815717	4.7919554407	4.35138806146	4.02838667029
-2.13453181132	4.80451590577	4.40321742395	3.9601568443
-2.14296157252	4.80620390201	4.34345264333	4.02890152743
-2.14574676609	4.80755997032	4.37942187504	3.98455008507
-2.1537215763	4.80755949396	4.25332685667	4.10521984005
-2.17026712424	4.80243643791	4.23384468677	4.1576084617
-2.15995799871	4.80997152945	4.07897749673	4.02323930083
-2.15972230203	4.81270349511	4.09763291222	4.04941692629
-2.1570741704	4.81372629578	4.10488186752	4.03489074195
-2.16505960278	4.81065367525	4.11103935888	4.03868830039
-2.17050765971	4.81374530554	4.16748030681	4.05672668244
-2.17161904212	4.81614970205	4.09884129666	4.0564656416
-2.17505409834	4.81924731953	4.05652266887	4.04211858528
-2.18451647013	4.81786653053	4.12187555168	4.04918390726
-2.20323206376	4.81648660879	4.09400441446	4.04026644353
-2.20247547451	4.8192803075	4.05748619567	4.02586152184
-2.21499630374	4.81752874443	4.10275943559	4.04642931367
-2.22090554206	4.8182321114	4.13114939379	4.06617259819
-2.2266865957	4.81893597054	4.09445301713	4.03682859431
-2.2348507966	4.81822769762	4.12695112478	4.05902944795
-2.23787168533	4.81929276731	4.08612767377	4.04413389097
-2.2398063137	4.82106917495	4.16165820208	4.06007475838
-2.23829390332	4.82177922216	4.12296048419	4.04320896505
-2.25075482991	4.8207132835	4.17277924806	4.06896254322
-2.25933440659	4.81963890757	4.23362334913	4.02421909972
-2.25846776534	4.82322897886	4.1613582904	4.05782489239
-2.26023655681	4.82251185978	4.10317033668	4.03125708489
-2.27779241918	4.82071146737	4.10220619862	4.06128581132
-2.28149433827	4.82179907301	4.11353102055	4.06704154383
-2.2864324225	4.82288924948	4.17626502093	4.05957585213
-2.29929753793	4.82106346606	4.13127978063	4.05415861406
-2.30350391149	4.81923401119	4.12031769245	4.04344007644
-2.30098027892	4.82033212461	4.15722332756	4.06766481792
-2.30674501082	4.81923351994	4.11734194682	4.05708354032
-2.30495192521	4.82327186621	4.11984121142	4.06659285969
-2.31601932098	4.82399917525	4.09254205688	4.04458440361
-2.32815136599	4.82325939896	4.1305090793	4.05620130861
-2.33450562657	4.82325939896	4.09143212714	4.03416139721
-2.36131457244	4.81727069109	4.15666669592	4.07657166725
-2.3687105553	4.81651570708	4.14243353693	4.06790156101
-2.37362079709	4.81802959123	4.21198828843	4.06778653738
-2.38034591937	4.81499692986	4.144132768	4.05799515325
-2.38064444168	4.81499692986	4.13199588654	4.06172149809
-2.37963344888	4.81537651857	4.15972894891	4.07007763667
-2.37963344888	4.81537651857	4.1373664401	4.06046469966
-2.38728600839	4.81728275641	4.14996477401	4.06634736041
-2.38180901227	4.82223418766	4.11653043444	4.06427078179
-2.38911788879	4.81994970988	4.11537135264	4.04553728705
-2.39080023553	4.81918701528	4.14398995535	4.0513257452
-2.39058700534	4.81918712693	4.17493524761	4.07425674188
-2.3872220457	4.82071177997	4.21052728724	4.06587437601
-2.39700740647	4.81994867529	4.20059180031	4.0644852973
-2.39776987611	4.82261874312	4.15220626039	4.0632274711
-2.40668014889	4.82108285541	4.2059839248	4.05839376185
-2.41634519051	4.81915550105	4.14701478661	4.06950637456
-2.42463413059	4.8210906707	4.19155591081	4.0747179442
-2.43236096006	4.81992508799	4.17611206209	4.05770070113
-2.44673299898	4.81446198296	4.18485193485	4.07655004571
-2.44337132442	4.81602583445	4.16134484297	4.06675106438
-2.44656241483	4.81446207972	4.17087872778	4.05931879686
-2.44488171401	4.81524423928	4.15830815997	4.05530157852
-2.44572209855	4.81485323284	4.17695185979	4.0675612877
-2.44656241483	4.81446207972	4.18790882945	4.06051301075
-2.44656241483	4.81446207972	4.21121253214	4.05207765559
-2.44656241483	4.81446207972	4.19360956444	4.05730107467
-2.44656241483	4.81446207972	4.1622082374	4.05741552605
-2.44656241483	4.81446207972	4.18230515568	4.05965947493
-2.44616163881	4.81798901871	4.2179261715	4.01617830597
-2.43774925243	4.82189324347	4.20081387897	4.04739182085
-2.44137090081	4.82033322618	4.18108214971	4.04818559034
-2.44212688152	4.8199428473	4.1599709092	4.06307718997
-2.44212688152	4.8199428473	4.17308039808	4.06297019062
-2.44212688152	4.8199428473	4.18381676734	4.06136241623
-2.44212688152	4.8199428473	4.15099171505	4.06502108163
-2.44212688152	4.8199428473	4.1753140228	4.05612477737
-2.44212688152	4.8199428473	4.12275319137	4.0586471105
-2.44835320397	4.8199428473	4.19482432871	4.02508115153
-2.43841311388	4.82423958079	4.16377732452	4.05505121786
-2.44154688518	4.82815303342	4.18337296912	4.07469099926
-2.4308208531	4.8359520604	4.16053078271	4.05558799088
-2.42691847085	4.84294720023	4.19473732065	4.05161472218
-2.44354726261	4.8386563339	4.19854051638	4.05817508361
-2.44647213366	4.83983157462	4.17236467645	4.06137205563
-2.43132898109	4.85115429156	4.20554163733	4.01759322764
-2.4228106801	4.85774990796	4.205061591	4.05444096607
-2.41617979675	4.86316735184	4.12309556412	4.05509943345
-2.43279466044	4.86162181713	4.17588217149	4.06011609154
-2.43693570053	4.86201143745	4.17606372203	4.05555784079
-2.42980170497	4.86980283337	4.18439800379	4.06570320793
-2.40381051453	4.8860336416	4.20457984694	4.05959335517
-2.41899249765	4.88602194844	4.18051384384	4.06861207538
-2.43220941259	4.88291827797	4.16890892543	4.06247801517
-2.45219567074	4.87783854361	4.19209383577	4.07065150115
-2.46705993132	4.87390040818	4.18022026634	4.06462649586
-2.48563042382	4.87033405309	4.2033049885	4.06166421341
-2.48662735408	4.87272496719	4.18861475901	4.07149202192
-2.48188293534	4.87949619558	4.19127057112	4.06940678559
-2.48661664624	4.87949619558	4.16128540803	4.06374340303
-2.50773710065	4.87269075856	4.19637377265	4.06978966916
-2.51596527563	4.87228698711	4.21673855521	4.03992313608
-2.52605283487	4.86945585136	4.19729717683	4.04428702245
-2.54386793878	4.86335329049	4.1884663138	4.06252476362
-2.54063775932	4.86946269903	4.1965401909	4.07009222938
-2.55471198957	4.8645521465	4.23092497512	4.0600557878
-2.56909731751	4.86166910096	4.22386098995	4.05408234436
-2.56168536889	4.86702877367	4.19572761532	4.06504159184
-2.54800408451	4.87441338671	4.20860216932	4.07639094165
-2.54864798283	4.87523177118	4.18041237412	4.06692858193
-2.53404924137	4.88709055774	4.23015376361	4.03800309235
-2.49736881374	4.90726327113	4.20798065653	4.06629386662
-2.50282750732	4.90726282454	4.19010687983	4.07408632708
-2.51240030724	4.90485037155	4.18229230248	4.06342454802
-2.51785582827	4.90525523222	4.2305748859	4.0476664357
-2.51317568656	4.90888696072	4.19821379932	4.06491221634
-2.4965755226	4.91731915265	4.20685731505	4.08064586732
-2.50119692064	4.91611928984	4.19084849068	4.06421832348
-2.51438809864	4.91129386704	4.18921911374	4.0783389731
-2.55032162087	4.8958486217	4.1816697408	4.07721416504
-2.54780048519	4.89707598039	4.19437670363	4.08477943591
-2.56444864576	4.89214634643	4.23130171535	4.05335355883
-2.55089709782	4.90036316845	4.20461950465	4.07370739786
-2.51232082445	4.91984923234	4.15593614016	4.07817848661
-2.5282208966	4.91378390047	4.21156849845	4.05675965999
-2.5565079965	4.90317080565	4.20478211202	4.07669932914
-2.56808992256	4.89905389946	4.18339303758	4.07200783261
-2.58090642161	4.89326316759	4.17328616574	4.07206903966
-2.58090642161	4.89326316759	4.17730827581	4.08072458694
-2.58086377556	4.89326316759	4.20392639244	4.0855065415
-2.58086377556	4.89326316759	4.19431577433	4.08723578121
-2.58000970385	4.89367775952	4.19503313741	4.08225767067
-2.58000970385	4.89367775952	4.19852327317	4.09056422538
-2.58000970385	4.89367775952	4.17501736203	4.09353717801
-2.58000970385	4.89367775952	4.15830899553	4.08850572179
-2.58000970385	4.89367775952	4.19336198894	4.11859895955
-2.58000970385	4.89367775952	4.14692908636	4.12396988387
-2.58000970385	4.89367775952	4.14833755716	4.16293378333
-2.58000970385	4.89367775952	4.17255255926	4.20884778001
-2.57915555978	4.89409220237	4.16411894587	4.25141584109
-2.58495542176	4.89409250754	4.13661777762	4.26789981766
-2.58305647538	4.89950389431	4.11752041145	4.29097237675
-2.60013471858	4.89490903699	4.11074617937	4.30573754499
-2.61242643276	4.89113349614	4.11653044153	4.30707756169
-2.62129680988	4.89113426279	4.17199843619	4.31871525121
-2.61278066871	4.89955990382	4.14890925067	4.32438192786
-2.61118547086	4.90250327201	4.13243442701	4.31475757376
-2.60291678203	4.90753600852	4.12804574285	4.31256229363
-2.60381591817	4.90711741091	4.13365954599	4.31897386113
-2.60421177435	4.91047191961	4.1358582243	4.32133594788
-2.58583919268	4.92341263789	4.16737434409	4.32619514192
-2.58265863408	4.92756993807	4.12855839815	4.33051784478
-2.5915926684	4.92881288426	4.12261739391	4.32627921356
-2.61080366051	4.92504850879	4.12431983579	4.33426650299
-2.61364062834	4.9263103453	4.10957573905	4.32288241061
-2.63438291813	4.9225062713	4.11229460694	4.34908854536
-2.63370458219	4.92505273649	4.11542522356	4.37691994365
-2.63563683212	4.92420459908	4.10635425172	4.43458953978
-2.63806110467	4.92462875024	4.10653272093	4.46394381656
-2.63978264267	4.92632974956	4.11123255724	4.48558626504
-2.61591304254	4.94114349503	4.18573979332	4.45774083783
-2.61013037522	4.94408560521	4.13967010032	4.48867785162
-2.62106370568	4.94156398018	4.14963363031	4.4915741762
-2.62062340544	4.94578526916	4.12087403468	4.50188392707
-2.63194232038	4.94324582212	4.11241232365	4.48924186974
-2.6512036052	4.93388970714	4.08530178244	4.48304847146
-2.65305364666	4.93303547577	4.06582105707	4.46893907474
-2.64952384984	4.93474330756	4.16942334018	4.46553444661
-2.65382929441	4.93260817933	4.12276174704	4.48892697119
-2.66530108029	4.93260817933	4.12593366854	4.50128500707
-2.67366764875	4.93217640073	4.09342661669	4.50334704537
-2.70031697668	4.92480497837	4.07609532837	4.46992288516
-2.72648570656	4.91648169462	4.11016662784	4.50683251359
-2.73207233835	4.91648169462	4.0929980021	4.49357496239
-2.74547337373	4.91559212015	4.10231808018	4.51788116721
-2.76382307532	4.91024747316	4.08215821058	4.53129366101
-2.77984888348	4.90620975342	4.08246220617	4.57088105855
-2.78412937821	4.90396090602	4.0800064165	4.60378414461
-2.78894535999	4.90441100409	4.05051607167	4.60246020243
-2.78515011381	4.9098230098	4.05962160946	4.63778727099
-2.77923868645	4.91657588731	4.0671668926	4.64142317261
-2.7971596289	4.9116070578	4.07629723959	4.63007766423
-2.8254831678	4.89841958352	4.06667613396	4.64670711209
-2.83046634973	4.89979674732	4.09418453139	4.65301437647
-2.84776170447	4.89335521636	4.16077806864	4.60063586676
-2.86133091616	4.88595640156	4.09217892453	4.64829879273
-2.8634200892	4.88502875041	4.05255079094	4.6120177531
-2.88856725388	4.87802142345	4.09271736935	4.65397613686
-2.89760321042	4.87661470449	4.09391275075	4.65571634108
-2.91775275737	4.87188851505	4.06595724966	4.63991873782
-2.94041841513	4.86284427827	4.0851435735	4.65384933486
-2.95219287591	4.86332382795	4.09859063441	4.65971050389
-2.96593671613	4.85995506473	4.07850231527	4.63952856511
-2.97093924235	4.85706124364	4.07865981662	4.65531179257
-2.97098188839	4.85706124364	4.0710622471	4.69684535488
-2.97671168947	4.85851317442	4.07843416031	4.74755267953
-2.98639234149	4.85851317442	4.0768758688	4.76156484251
-3.01811958799	4.84482820014	4.07646601255	4.75920009991
-3.04135001467	4.83397960943	4.0826124327	4.76703970614
-3.04900766486	4.83298715794	4.10420399806	4.76608639171
-3.06162922585	4.8265178032	4.03064859278	4.75432994065
-3.06928427024	4.82551941218	4.07380646996	4.76978175031
-3.08287760555	4.82501688866	4.08038748587	4.77634676089
-3.0909532933	4.81998729378	4.05855958241	4.76203295693
-3.10210303178	4.81897711151	4.06497620656	4.75974152061
-3.10915839693	4.81796404958	4.05320245349	4.76565842736
-3.11217930385	4.81948690568	4.10435488831	4.78713769823
-3.12649109991	4.81693843203	4.07204976864	4.77140078623
-3.1516723414	4.80924649134	4.05897256963	4.76868995609
-3.16129807744	4.80718377758	4.06125664711	4.77068710523
-3.18315982506	4.80199792868	4.07465459148	4.78187295424
-3.18677238098	4.80460184509	4.07380607882	4.77757406275
-3.19386593835	4.80512247965	4.06569088267	4.75542174146
-3.21152950052	4.79936044883	4.08885757658	4.78098179056
-3.22329020939	4.79199968721	4.13792397949	4.79664647725
-3.21687955919	4.803070771	4.10715212446	4.83825395082
-3.22177027823	4.80412322197	4.08586702891	4.86231745137
-3.24786666764	4.79512508525	4.06839906985	4.88082494394
-3.26542565095	4.78926386485	4.10254731817	4.93330300561
-3.2791214223	4.78551267194	4.1085785017	4.93972716075
-3.29330481186	4.78498345468	4.12351965104	4.92885890492
-3.29409215529	4.78822096927	4.12578273558	4.93900222358
-3.30165682725	4.79146415951	4.13914493301	4.93918265629
-3.29481939754	4.80118978858	4.15580828541	4.92361540656
-3.281493676	4.81735199675	4.14139429289	4.94745862597
-3.27448812607	4.82915700184	4.12744137906	4.96482376418
-3.27784946819	4.83344758959	4.10290092202	4.95137158769
-3.27985664002	4.83613274933	4.14104367302	4.93634749225
-3.29410040225	4.83611638932	4.1504770975	4.95631783714
-3.31466212507	4.8269110963	4.10240828258	4.98375009951
-3.35359556489	4.81105356873	4.12968314497	4.9837000571
-3.37068704576	4.80388322411	4.11261881975	4.99439093291
-3.38391628645	4.79945385467	4.05699314785	4.96805601338
-3.39728324931	4.79555699739	4.10854302729	5.03545368682
-3.41052428241	4.79332347322	4.08598422187	5.06668405231
-3.42651897026	4.79051021091	4.09426978134	5.10722142337
-3.45165996341	4.78034321525	4.10812710731	5.12557958052
-3.47092182047	4.77238108372	4.15003048724	5.11175430758
-3.48152836427	4.76495921513	4.08022964215	5.12970777762
-3.5020791955	4.75921782829	4.1216372318	5.09058718745
-3.52790761855	4.74822648882	4.13009118198	5.05904785015
-3.54102351865	4.74473775902	4.10635484975	5.13442835542
-3.55993220306	4.73538749685	4.09683168146	5.13777627032
-3.59246166708	4.72243355373	4.08702369788	5.14089131685
-3.61253225996	4.71353224217	4.13118299283	5.11746193515
-3.6425957938	4.69739225593	4.15466049503	5.13856149759
-3.64776888194	4.69378975718	4.08395340112	5.13531377828
-3.65906108363	4.69439582451	4.13092335534	5.16873540909
-3.67561564727	4.6877454876	4.07987393594	5.15419991889
-3.68133021719	4.6877454876	4.08094910007	5.15559042253
-3.70574487037	4.67860121748	4.07561893251	5.15990103504
-3.73040928521	4.66694229536	4.06676604851	5.18314200407
-3.73525191582	4.66324798179	4.10836423338	5.25358631849
-3.73280976107	4.66509577805	4.06844374448	5.25674427985
-3.73679418927	4.66201548175	4.05546263468	5.24677719905
-3.74099779871	4.66510261085	4.14421337008	5.26166179939
-3.75366755503	4.66447748715	4.10419796539	5.27050841393
-3.77216046402	4.65950547353	4.04501488158	5.2503342721
-3.78860336706	4.65326097349	4.06027352525	5.25570396481
-3.79927414357	4.64949960847	4.0751673698	5.26606778783
-3.82269270285	4.64005013946	4.07166878968	5.25224304407
-3.84020707297	4.63245067521	4.07988532957	5.26791405149
-3.86817953857	4.62160708904	4.0929411574	5.26533238437
-3.89126358343	4.6113403519	4.06595740057	5.25422062504
-3.90125858369	4.61327526885	4.06313323848	5.26364987283
-3.91414766543	4.60939463607	4.09216265045	5.28998894241
-3.9276524674	4.60355278906	4.0369558379	5.24331798434
-3.94242972318	4.60159758555	4.09226774576	5.33728081775
-3.96240444125	4.59571237975	4.02173886819	5.32556253607
-3.977663275	4.5917656333	4.02118013691	5.37624434222
-3.98762449798	4.59044627227	4.01694691415	5.39245045997
-3.99597174068	4.58383680055	4.06190833893	5.41456097697
-4.01410455371	4.57653639215	4.01338750816	5.41319142341
-4.00935229277	4.58317683049	4.04957389921	5.41861926391
-4.00998585481	4.58849406401	4.03868979748	5.42406246371
-3.99948264311	4.6010913342	4.00412599329	5.40763413565
-4.01392882907	4.59644276994	4.00768450624	5.40510033629
-4.02807921238	4.59577301142	4.02132395755	5.4198119552
-4.03086729446	4.5971084287	4.04630309507	5.42300566056
-4.03504815519	4.59376783076	4.02953780557	5.41161141646
-4.04071852467	4.59711907983	4.05493446184	5.44243532571
-4.03658973059	4.60582184963	4.02813301927	5.44836896462
-4.03577713363	4.61585815214	4.02359360154	5.43081012219
-4.03882269041	4.61853579059	4.02119159191	5.4092670294
-4.05070784335	4.61652050821	4.05281756959	5.46992533989
-4.04040510969	4.627921572	4.03922470874	5.48856365403
-4.04036246365	4.627921572	4.03027592284	5.55795613695
-4.05217790917	4.62859409164	4.00420293002	5.56002632648
-4.05967578646	4.62657642241	3.99715690358	5.58494321074
-4.06545653359	4.63397068222	4.0582542071	5.57522707693
-4.07640762193	4.63059398304	4.0235499429	5.57447907054
-4.0733018524	4.63329569607	4.03473074544	5.61966302061
-4.07338714449	4.63329569607	4.01864046326	5.65353325947
-4.08102833158	4.6373579944	4.02309866216	5.56640419381
-4.0813727918	4.64141986669	4.05319672663	5.559318647
-4.09084026437	4.64345173025	4.02932119875	5.60091555997
-4.10218405924	4.64141448531	3.99609687808	5.59630298437
-4.10461376386	4.63937328836	4.01941904359	5.60377628392
-4.09547666306	4.66318832054	4.08068124975	5.61341971712
-4.10349411933	4.66318870014	3.97428411844	5.59914809274
-4.10486417661	4.66931945731	4.02979717214	5.64431733967
-4.10001498529	4.67340086919	3.98213628801	5.66044487344
-4.09186603799	4.68699540649	4.04553877189	5.71162790405
-4.0888143557	4.6890296096	4.02640552502	5.71778468945
-4.08283680273	4.69919788467	4.01738757639	5.71513008699
-4.08918110859	4.69377912189	3.95964549996	5.68587285066
-4.08771301815	4.69513473043	3.98415426907	5.73085143278
-4.0891811086	4.69377918143	3.96567747155	5.68526709214
-4.08672291925	4.6958122904	3.96172144005	5.6933294448
-4.08754243397	4.69513473043	4.00226315665	5.71197411901
-4.09525212795	4.69581377903	3.99884726126	5.72501491088
-4.08298072722	4.71141407198	3.99991582348	5.71884976776
-4.08531914805	4.70938298727	3.99450677941	5.71291245597
-4.08549045647	4.71412203636	3.98842811426	5.72900219614
-4.0901562953	4.71547802264	4.03137067041	5.70467303984
-4.09212657878	4.72157829664	3.95764702753	5.72078041368
-4.08556331562	4.7331103195	3.96585044689	5.72527356282
-4.09316386149	4.7270087593	3.98398920009	5.7064232586
-4.09068827262	4.72904394908	4.10075551144	5.7205360331
-4.09398882093	4.7263300747	4.10414308027	5.72193988369
-4.09900636948	4.72700938453	4.10374325014	5.72804713112
-4.10343943791	4.72905042461	4.10957902781	5.7348026435
-4.11022349124	4.73450098529	4.1039099063	5.74733447314
-4.11720133142	4.73518190036	3.9962292664	5.7327449002
-4.12261213577	4.74065254858	3.94453569643	5.75622213873
-4.13484623967	4.73380052174	3.92339146125	5.82846744167
-4.13319359218	4.73517200843	3.98666212383	5.76974133478
-4.13825792316	4.73380111719	3.89323869349	5.90274315316
-4.14156403192	4.73998456307	3.95191685312	5.84033680382
-4.15195144774	4.73723083614	3.98017471254	5.86722070192
-4.15642512621	4.73378426593	3.92662137605	5.92523316924
-4.15481512912	4.73516329996	3.86174788916	5.89673056602
-4.15868995796	4.73171485674	3.9416786181	5.83140658844
-4.16275683708	4.73102416992	3.92949280414	5.84811913088
-4.1670439882	4.73379227475	3.96071151644	5.81401177124
-4.17181466388	4.73586788883	3.95384125714	5.87924972072
-4.17380872026	4.73448280171	3.88344727983	5.91563456282
-4.18748729456	4.73311117546	3.94853988289	5.85691905982
-4.19401637339	4.73102317998	3.91060806307	5.88227418762
-4.19211984339	4.73380790533	3.97618694891	5.86964738713
-4.19767193278	4.72962960643	3.98038172955	5.91366972159
-4.19970645605	4.72823547891	3.97966700858	5.86553062661
-4.19714491819	4.73032640943	3.92316186695	5.88591454093
-4.19714491819	4.73032640943	3.90322632215	5.9054280779
-4.19714491819	4.73032640943	3.94240769171	5.88793528637
-4.19714491819	4.73032640943	3.96529436637	5.88123264733
-4.19714491819	4.73032640943	3.95827650455	5.89293658529
-4.19714491819	4.73032640943	3.97262001517	5.8942119269
-4.19714491819	4.73032640943	3.92952675422	5.90312108983
-4.19714491819	4.73032640943	3.90328481723	5.90492587103
-4.19714491819	4.73032640943	3.94512715494	5.89873697246
-4.19714491819	4.73032640943	3.91725039369	5.90622919012
-4.19714491819	4.73032640943	3.90216175882	5.93391673833
-4.19714491819	4.73032640943	3.90379564304	5.92467293043
-4.19714491819	4.73032640943	3.89837032769	5.94049374792
-4.19714491819	4.73032640943	3.94639991115	5.937539839
-4.19714491819	4.73032640943	3.93457501541	5.93188573633
-4.19714491819	4.73032640943	3.94406237416	5.93031976823
-4.19714491819	4.73032640943	3.92669090223	5.91331197334
-4.19631925969	4.73102309811	3.94673891583	5.91530101266
-4.20047130959	4.73032582886	3.96054958316	5.87268558111
-4.20486530683	4.73591371621	3.97269491459	5.84960490432
-4.21338422155	4.73451481463	3.99451592877	5.90792489926
-4.22449278396	4.73171083744	3.97021941915	5.89563281997
-4.23847333859	4.7260849947	3.89640168917	5.90118120792
-4.23953783481	4.72819779431	3.8943330217	5.93521295671
-4.2415438538	4.72608490539	3.92007714513	5.91354748601
-4.2415438538	4.72608490539	3.96192390705	5.89985063653
-4.24495553686	4.72608669174	3.95561101149	5.90185188626
-4.2527886822	4.72467403481	3.96995916097	5.8828498091
-4.26299479895	4.72184691964	3.96026455309	5.88969701841
-4.2736092003	4.71758886953	4.00697600444	5.89002464871
-4.27857438262	4.72113412814	3.96661696547	5.91198470941
-4.27846065954	4.72682635792	3.96491183522	5.9302239622
-4.28213448799	4.73251731434	3.96583464942	5.88853416401
-4.28167269836	4.73963726903	4.00605633123	5.87836084112
-4.30005103388	4.7360670074	3.94639864028	5.90289006279
-4.31841789229	4.72890022218	3.94102780379	5.90629214343
-4.3250003943	4.72818121848	3.96199001346	5.89574692039
-4.3424588897	4.72313091964	3.9771787075	5.89575356239
-4.36141693461	4.71733641382	3.94316409519	5.90077225126
-4.36933231051	4.71588307495	3.94703103888	5.89854111614
-4.38907863136	4.71077552731	4.00501944124	5.8803396513
-4.39960471549	4.70858128227	3.95421580394	5.91254122914
-4.39899607936	4.7093133444	3.95660942671	5.92160568386
-4.42166598739	4.70197222619	4.00559112357	5.86968491344
-4.42761427814	4.70049766385	3.95738249407	5.88587000514
-4.42469385644	4.70197093108	3.98249253805	5.90595674333
-4.43035367737	4.6997602721	3.9833334272	5.90503599224
-4.43364952473	4.70197503225	3.97381961634	5.87023394954
-4.42760649932	4.71230600009	3.98708447542	5.85392249608
-4.44217884642	4.70492274314	3.93439874109	5.91786797645
-4.44630209776	4.70862303082	3.99514287762	5.8898431139
-4.44779018123	4.71158620509	3.98989012311	5.84756115357
-4.44240575386	4.72639832727	3.99311876107	5.86519170526
-4.43067343179	4.74413812223	3.9547145052	5.90430649817
-4.4232587929	4.75077000595	3.94878486072	5.90713438129
-4.42504480557	4.74929722179	3.99589512963	5.8902038694
-4.42814618168	4.74635006646	3.98659705307	5.8818108928
-4.39976513195	4.77722794161	3.97522805057	5.85857460537
-4.38895780343	4.78673335372	3.98290729221	5.92487449432
-4.39171943374	4.7845418485	3.98036932438	5.89634302657
-4.38904309556	4.78673323463	3.99712292446	5.8613115128
-4.38820758928	4.787463415	3.97816254081	5.88264412743
-4.3792904413	4.80498873515	3.97731823389	5.87789515599
-4.35127298035	4.83405274855	3.99222079894	5.86159313363
-4.31848863975	4.87155611103	4.00592521814	5.88495069813
-4.29503773495	4.90093094172	3.99393017769	5.89270705917
-4.2881251678	4.91092254903	4.03178648637	5.88168752973
-4.26633972346	4.937949101	3.97449516982	5.92291657808
-4.23766735743	4.96763273624	3.9374315208	5.91150631698
-4.22424243611	4.98097613041	3.94275945408	5.92818221481
-4.21477076659	4.99149149384	3.96987385693	5.92050301073
-4.20941355321	4.99568764434	4.00393424347	5.91766675298
-4.2103368882	4.99778737216	4.00921247922	5.91788070146
-4.19590980254	5.01664494467	3.97960581037	5.92736961542
-4.17916839133	5.03333601092	4.00754412912	5.9237971291
-4.15339333253	5.06308613016	3.96803038181	5.93249746311
-4.13306355044	5.08440646747	3.96130421516	5.92896210092
-4.12007937645	5.09947191332	3.94836223563	5.93334900688
-4.10467585269	5.11106496498	3.96495516074	5.93661840234
-4.10556784241	5.11038426531	3.95607909661	5.97052189248
-4.10913461283	5.1076599101	3.98222603549	5.995118154
-4.10913461283	5.1076599101	3.99813352869	5.97676233551
-4.10913461283	5.1076599101	3.95139683972	5.98340688745
-4.10913461283	5.1076599101	3.95448486941	5.92953877554
-4.10913461283	5.1076599101	3.95954436873	6.02862395484
-4.11336062385	5.10834123233	3.94607488461	5.98439166193
-4.11006236672	5.11379871103	3.95508042162	5.95733747683
-4.0914649552	5.13147884568	3.93811678175	5.9458220351
-4.09141815542	5.13691031469	3.96117334611	5.98419178443
-4.08868529681	5.1389445119	3.95830432579	5.99531375285
-4.09768805744	5.13623004541	3.92981432115	6.00194757134
-4.08446250906	5.15116037155	3.9552851055	6.02196007933
-4.06568444216	5.16534518202	3.92124303321	6.00357875713
-4.077813256	5.16331920608	3.91682162667	6.01824686327
-4.09391502441	5.15383647626	3.90390480378	6.05781698625
-4.07915174009	5.17078653826	3.88931272201	6.11196309797
-4.08134687399	5.16875766338	3.91926803705	6.18353924764
-4.08767761007	5.16672415603	3.92002540356	6.22198861212
-4.09458626904	5.16672344149	3.88857828168	6.20452730294
-4.10943540559	5.16059815205	3.93033062478	6.16597308681
-4.12528744376	5.14830872608	3.91831513102	6.23250732687
-4.12968290905	5.14762442843	3.94330608355	6.1415582896
-4.12972946754	5.15516579752	3.92156714098	6.16155894579
-4.1417785711	5.15104632806	3.87713237515	6.22684853636
-4.1602894905	5.13727168467	3.83161981969	6.21851702879
-4.15960603742	5.13796197188	3.82313900166	6.19871823051
-4.15781230947	5.13934207675	3.93032304682	6.16869528283
-4.16318571103	5.13934207675	3.87764062595	6.25169728815
-4.17372398766	5.13657348521	3.9247114864	6.26814430591
-4.19824132361	5.12336068391	3.85843435687	6.25188805075
-4.20543363579	5.11778001533	3.92103840017	6.26224640157
-4.2160098539	5.1177832531	3.91764339639	6.28853956778
-4.24427254282	5.10021023739	3.89556295921	6.32678335657
-4.24227875734	5.10161982431	3.86725256978	6.34478856037
-4.24941073294	5.10303152125	3.81413060304	6.40885706945
-4.26191121026	5.09808878944	3.75665146502	6.41202456841
-4.27724937013	5.09169748384	3.79941046454	6.41654948336
-4.31059037195	5.07312652687	3.82760357204	6.33790338538
-4.32517548637	5.06738006947	3.82823246743	6.3656489374
-4.33814216296	5.05729636259	3.79412103336	6.35169709548
-4.33906741078	5.05657490873	3.78731514918	6.40841832967
-4.35485129703	5.05223196561	3.79072792229	6.34758320908
-4.37453443359	5.04279252968	3.73571280004	6.39626746619
-4.39460540373	5.03257471339	3.87190913785	6.37503826926
-4.42289026051	5.01936227727	3.84859629854	6.39991856734
-4.42223205383	5.02525554062	3.88514774671	6.43237361623
-4.45196549022	5.00678439086	3.8489419662	6.41734770148
-4.46253700556	5.00232865218	3.84852771801	6.41598403753
-4.48323954536	4.99338174273	3.85168890006	6.40003868021
-4.49875072272	4.99038634554	3.93180568042	6.48992764649
-4.51293855557	4.98362560257	3.91892339638	6.46480243561
-4.54828930685	4.96473947829	3.9319455121	6.49072186975
-4.5620876252	4.96094204644	3.89879400576	6.46858032802
-4.58105133968	4.95102927729	3.89185337675	6.46792935445
-4.61046106912	4.93568999278	3.87828456587	6.47871165307
-4.62430697142	4.92875424509	3.89793830604	6.43930502388
-4.64194421342	4.9148395695	3.88854692718	6.43466162669
-4.64280194717	4.9140651018	3.84821049291	6.46344345304
-4.6461612236	4.91561541334	3.83136274696	6.45062794703
-4.63675838648	4.92413284827	3.68833744617	6.43477927675
-4.64218716869	4.92258427769	3.6685975473	6.43263024847
-4.66373631835	4.91481398	3.67038911613	6.43958959292
-4.66833714716	4.91559305416	3.6664906479	6.44886742536
-4.67801089262	4.90935211701	3.66326661759	6.4490353603
-4.67805353866	4.90935211701	3.67471822993	6.45643325272
-4.67711133486	4.9101327299	3.68192316572	6.47068806247
-4.67453978247	4.91247364875	3.73778294765	6.48489323903
-4.68322555826	4.91482006105	3.73627611906	6.50096168147
-4.68606759761	4.91716701648	3.75038171953	6.47230940122
-4.72463006166	4.89438567083	3.73126502427	6.52268892554
-4.74911123164	4.8809343655	3.71907224693	6.50838897607
-4.76521413106	4.87298557457	3.72153629638	6.49423649604
-4.79036132509	4.86020777629	3.69767535155	6.50640931513
-4.80848589073	4.86021626891	3.68736231021	6.48999205545
-4.82555650651	4.85538340038	3.6460294307	6.49843309302
-4.82250290103	4.86587001844	3.59024962767	6.50904862618
-4.81768041736	4.87795849231	3.81334356451	6.6840482263
-4.80867289298	4.89969256823	3.92760491839	6.84952535497
-4.81994234085	4.8948624967	3.92018743292	6.84098010496
-4.84612520132	4.87789010492	3.84552316586	6.77010246928
-4.85570611681	4.87221562913	3.92307414672	6.83989999463
-4.85248458814	4.88114714916	3.90741092556	6.85324600824
-4.91057168796	4.84685928717	3.91258630925	6.84693416222
-4.93008593321	4.83615479477	3.91608631273	6.83800455747
-4.94409362634	4.83036948856	3.90887379327	6.83981958768
-4.97160864979	4.80714210897	3.90354198419	6.83754344571
-4.97619931839	4.80880786466	3.8611313255	6.83182776608
-4.99344168472	4.79295449577	3.81241016494	6.81468741976
-4.99369756098	4.79295445855	3.77970199639	6.79976116843
-4.99627264275	4.7937919573	3.7772606637	6.80249464682
-5.01016853961	4.78708649632	3.78390436862	6.82064221523
-5.062580181	4.75502550054	3.77064872655	6.80368395014
-5.07386857876	4.74992943866	3.79094070207	6.80285615105
-5.09487704069	4.7405542805	3.76224729158	6.80375886445
-5.11073440368	4.73200161073	3.75619217792	6.80478308166
-5.13494117967	4.71482460615	3.75289912929	6.7958369298
-5.15563354755	4.6975775517	3.77052355157	6.80061577243
-5.16442816423	4.69671279893	3.71834535335	6.79458900654
-5.16818376222	4.69238341364	3.69340292397	6.77995225417
-5.16908795411	4.69151708831	3.63212374174	6.76594519413
-5.18010506901	4.70193770166	3.59892583202	6.77886396698
-5.17641154077	4.71062118278	3.59857361288	6.77080718958
-5.17489485906	4.71235629042	3.6038195307	6.74816702817
-5.18371582077	4.70975720971	3.5967379791	6.76819254399
-5.17526279058	4.72712931582	3.59378525646	6.78276087759
-5.1700424749	4.73753845944	3.58738712297	6.77578673454
-5.15473482132	4.75571208766	3.59453650941	6.76139041855
-5.15658827931	4.75484818308	3.58408361829	6.74929680214
-5.15388473779	4.75744008742	3.56861147966	6.76240154777
-5.15471499234	4.75657627164	3.51723559728	6.74390120928
-5.15475763839	4.75657627164	3.51557704765	6.74025116636
-5.15392738383	4.75744009486	3.50836804238	6.74585117034
-5.15392738383	4.75744009486	3.50543496313	6.7385563431
-5.15392738383	4.75744009486	3.50557193397	6.7507909215
-5.15392738383	4.75744009486	3.50766135865	6.74296037222
-5.15392738383	4.75744009486	3.50863308954	6.73735479574
-5.15392738383	4.75744009486	3.5032027946	6.74730338274
-5.15392738383	4.75744009486	3.50345160413	6.74845468366
-5.15392738383	4.75744009486	3.51224192877	6.74795339933
-5.15392738383	4.75744009486	3.5220107391	6.75521442966
-5.15392738383	4.75744009486	3.53462959209	6.75277515844
-5.15392738383	4.75744009486	3.50081480822	6.7515965271
-5.15392738383	4.75744009486	3.50133665718	6.75344296419
-5.15392738383	4.75744009486	3.50565514268	6.74024778106
-5.15392738383	4.75744009486	3.50193904209	6.74837350013
-5.15465236657	4.7574402214	3.50504392012	6.740667406
-5.16111443467	4.75830529902	3.50510981988	6.75482987595
-5.12783365567	4.79365550369	3.51247167469	6.74794243509
-5.12959194924	4.79193684834	3.5135928475	6.75005989042
-5.12954930319	4.79193685578	3.51093066064	6.75018726145
-5.13038557894	4.7910772868	3.50992257875	6.75162769539
-5.13122170465	4.79021757188	3.51444297592	6.74773761418
-5.13122170465	4.79021757188	3.51587739093	6.74313515335
-5.13122170465	4.79021757188	3.51278378865	6.74746189267
-5.13122170465	4.79021757188	3.51232658203	6.74313113018
-5.13122170465	4.79021757188	3.51797291861	6.74259314631
-5.13122170465	4.79021757188	3.51572560386	6.74709755158
-5.13122170465	4.79021757188	3.51132626378	6.74869336695
-5.13122170465	4.79021757188	3.51155549706	6.75312643347
-5.13122170465	4.79021757188	3.51167398475	6.74884802718
-5.13122170465	4.79021757188	3.51269500832	6.74390691157
-5.13122170465	4.79021757188	3.51090559086	6.75694771838
-5.13122170465	4.79021757188	3.51142099723	6.7481522253
-5.13122170465	4.79021757188	3.51068662562	6.74376875192
-5.13122170465	4.79021757188	3.50989818731	6.75833544636
-5.13122170465	4.79021757188	3.51023605574	6.75239277905
-5.13122170465	4.79021757188	3.51470681032	6.74488013987
-5.13122170465	4.79021757188	3.5172136972	6.74290725438
-5.13122170465	4.79021757188	3.51147690664	6.75521354444
-5.1318613953	4.79021768353	3.51505464552	6.74429168334
-5.13827509696	4.79107877543	3.50499587377	6.75601907147
-5.10795882026	4.82627492694	3.50085324024	6.74998762135
-5.10653086678	4.83569302494	3.51218733162	6.74562567853
-5.10214659052	4.8408237349	3.51057409394	6.74368320939
-5.10480850661	4.8382588645	3.51179640559	6.74887286795
-5.10193336035	4.84082355627	3.50172681872	6.75429049875
-5.10277816885	4.83996880644	3.5042816874	6.73724085657
-5.10362282817	4.83911390918	3.50654699298	6.73752358359
-5.10362282817	4.83911390918	3.50176821713	6.74979173768
-5.10277816885	4.83996880644	3.50264405381	6.74400074883
-5.10277816885	4.83996880644	3.50474719385	6.74147732192
-5.10277816885	4.83996880644	3.50603775709	6.7517911018
-5.10492654659	4.84167882852	3.5046108973	6.74624224373
-5.10176318504	4.85108887342	3.51613667602	6.75332696998
-5.06641266003	4.887712181	3.52075087061	6.74832598171
-5.06918442382	4.88516596976	3.51495436015	6.74269439759
-5.0674788829	4.88686359277	3.50850391918	6.75276264006
-5.06272119064	4.90214873999	3.50722620465	6.75647553978
-5.04286505572	4.92838787765	3.50717666388	6.75112016419
-5.02658083771	4.95115776917	3.5151646769	6.73465199734
-4.9919833184	4.9846955909	3.51693917276	6.71742429548
-4.99610181607	4.98135198503	3.51315284189	6.71987454519
-4.98461658053	4.99220943178	3.50745067257	6.74904627979
-4.98113019638	4.99554501679	3.50810313069	6.73701210228
-4.97077925259	5.01722464301	3.51789946626	6.72353470976
-4.94199043326	5.04791590396	3.54099495989	6.71875121707
-4.93802142455	5.05534681377	3.65722247538	6.72145022445
-4.93739776386	5.0619594197	3.68984139866	6.79310051531
-4.91117750626	5.08749789637	3.72471277268	6.76433603046
-4.90762461612	5.09078218802	3.54261790323	6.90243558389
-4.91117750626	5.08749789637	3.49603776278	6.83620293839
-4.9102894987	5.08831920181	3.54559712549	6.89629912748
-4.91577000963	5.09078602124	3.66470342228	6.90114560397
-4.91257597361	5.10311998085	3.6089923581	6.86121626599
-4.94690048763	5.0816671757	3.69582929633	6.74882081598
-4.968461314	5.06922054814	3.56169875699	6.85654065895
-4.97830171355	5.07171734507	3.55469115453	6.90735300084
-4.97264126778	5.08421272543	3.55812943352	6.91497050271
-4.97583628009	5.08837632776	3.5358122609	6.87651144157
-4.99456133032	5.0842014714	3.51205086941	6.8732048015
-4.9972519937	5.08922269552	3.47409572791	6.82567600937
-5.00309958294	5.09508743159	3.47829884841	6.83336851714
-4.99753993255	5.1059744933	3.47148517333	6.79782161728
-4.98387432105	5.13020873352	3.4861476892	6.80047443708
-4.97556652728	5.1493930543	3.47934152739	6.80319948296
-4.96057995994	5.17268087602	3.46973339491	6.79540808369
-4.94438218046	5.19506484488	3.46273987349	6.7883590277
-4.92816438992	5.21737257763	3.4619739715	6.79040620441
-4.9050794626	5.24946801887	3.46624715648	6.78436416627
-4.88001805913	5.28303676007	3.45958700897	6.78450904532
-4.86734478933	5.30178857964	3.45091030701	6.78243049764
-4.84787811486	5.33022808607	3.45249947385	6.78405875689
-4.83021820884	5.35288778262	3.45598338885	6.78310674955
-4.80416893166	5.3826893189	3.45203762234	6.78067148616
-4.78355036374	5.40753195782	3.44509164983	6.77734896766
-4.74492333887	5.45291385933	3.439610456	6.77526138962
-4.70934140699	5.49319887307	3.44336962463	6.77932141522
-4.67081305834	5.53157933748	3.43557561042	6.77909324598
-4.6454895802	5.55724675462	3.43878546462	6.77769075419
-4.60923881788	5.59663676359	3.4340525668	6.78066284104
-4.55395803382	5.65167425425	3.42320463539	6.78625108446
-4.52777421929	5.67666566406	3.41372783426	6.77611574707
-4.47448919221	5.72694577597	3.39390961328	6.77575129461
-4.43451716615	5.76479223262	3.37010622338	6.76589149908
-4.40927477194	5.78983283343	3.3288683717	6.76617294124
-4.37161146601	5.82345792186	3.26159956211	6.76250088006
-4.33018878331	5.86256475478	3.21451960466	6.76146866953
-4.25520646198	5.92397654309	3.19640666376	6.76216989132
-4.20013289965	5.97035277714	3.24735178209	6.76433825383
-4.17158516217	5.99399636449	3.20951952944	6.76314195167
-4.12666046676	6.02981898	3.25012154919	6.76087434062
-4.07925159618	6.07067383717	3.22759762381	6.75264331164
-4.01930037353	6.11565929899	3.2078658836	6.75820155534
-3.98993620403	6.1382275055	3.23868839422	6.75235412914
-3.93650129901	6.17959332896	3.26480460121	6.764492406
-3.87922265106	6.21969567225	3.21675025747	6.76136338297
-3.80511549707	6.27242553861	3.18216552132	6.75729993511
-3.75528082868	6.30739746986	3.16799863899	6.7617949709
-3.72146949468	6.33023767292	3.20290208006	6.75757083317
-3.65881213176	6.36981430631	3.18581632679	6.75664981077
-3.63689745615	6.38183185115	3.18641494316	6.74071218715
-3.62330662013	6.39320345423	3.09039706994	6.74242661342
-3.61100971015	6.40093994303	3.18285213718	6.75852170743
-3.58031964625	6.42226810248	3.25351336543	6.75967141938
-3.54965553866	6.44222029018	3.17244907457	6.7589910711
-3.49832217072	6.47294653552	3.21476385809	6.7510386457
-3.46259770802	6.49697514999	3.20050058207	6.75624148623
-3.41366146183	6.52691314729	3.22223724574	6.75725253919
-3.38879632972	6.54198901607	3.1632001812	6.74618811229
-3.35322193512	6.562436314	3.19032087459	6.75043046718
-3.34196312418	6.57122019171	3.18558430092	6.74691393561
-3.31012429232	6.59139184461	3.15687635551	6.75387466952
-3.27285995665	6.61296215325	3.19378252395	6.74828946107
-3.22345600048	6.64113647527	3.12727683652	6.74409835711
-3.18371086587	6.66418666848	3.19783535002	6.7541136901
-3.1392111108	6.68742638347	3.15916505903	6.74784405002
-3.09448756425	6.71031469413	3.2961772844	6.75924317557
-3.01063227462	6.74912398923	3.22563333769	6.74799510163
-3.01346301417	6.74961006336	3.18852269644	6.74397096612
-3.00524830173	6.75548970184	3.0867735526	6.74275099032
-2.91923352423	6.79450215173	3.23359740733	6.75980615311
-2.83816588628	6.8295416784	3.25048291932	6.75017246059
-2.80979122599	6.84051258207	3.2146749196	6.73189817252
-2.82074984572	6.83869309778	3.26054690374	6.75259022988
-2.71870338871	6.88037640827	3.19542023923	6.75038977088
-2.70915694907	6.88519123745	3.20975351091	6.74290104277
-2.70589522505	6.88868985971	3.22065064931	6.74680396952
-2.62531891146	6.92092538165	3.17740517269	6.74931416779
-2.54962110981	6.9492117457	3.22451245623	6.74593836334
-2.45161577979	6.98656687759	3.19527949158	6.73841647168
-2.41750744478	6.99903537205	3.15823754648	6.73857935725
-2.36836655436	7.01662871159	3.17511011753	6.73884621983
-2.36836655436	7.01662871159	3.18150515905	6.73834028294
-2.36836655436	7.01662871159	3.10580639504	6.72585350503
-2.3716929458	7.01662871159	3.14463696885	6.73855264787
-2.29890497943	7.04083377738	3.15438601856	6.73721571874
-2.29890497943	7.04083377738	3.14910619994	6.72610645444
-2.29890497943	7.04083377738	3.15291112082	6.74067684364
-2.30013380484	7.04046821479	3.14588268864	6.73472966412
-2.30013380484	7.04046821479	3.1465861742	6.72940280017
-2.26883398373	7.05173981641	3.15466467751	6.72569366368
-2.24584063907	7.05999124341	3.16051020316	6.73706561873
3.37371106438	6.40830085524	1.99180437432	6.31590955761
3.37930199846	6.40517540098	1.99172115593	6.31424669982
3.37410448678	6.40767564859	1.99106352223	6.31561291263
3.35691303855	6.41328095031	1.98410367452	6.31896608143
3.36046726285	6.40706649512	1.97631059029	6.31603474904
3.40351340677	6.37891503499	1.96846319976	6.30141774378
3.4210567293	6.36881388621	1.96799001538	6.2961050541
3.41660957514	6.37134379912	1.9680430044	6.29743595074
3.41549751071	6.37197579218	1.96805639683	6.29776866909
3.41994510636	6.36944665549	1.96800317553	6.29643778172
3.42216824178	6.36818092292	1.9679769133	6.29577232419
3.41994510636	6.36944665549	1.96800317553	6.29643778172
3.41418789039	6.36944665549	1.96225047742	6.29666581705
3.41420091876	6.36629073138	1.95664562219	6.29522174569
3.43695579789	6.35235384449	1.9547139686	6.28796576964
3.44773867232	6.34598822946	1.95430231946	6.28464818682
3.44773867232	6.34598822946	1.95430231946	6.28464818682
3.44773867232	6.34598822946	1.95430231946	6.28464818682
3.45548903152	6.34152083232	1.95422646068	6.28231850725
3.45548903152	6.34152083232	1.95422646068	6.28231850725
3.45548903152	6.34152083232	1.95422646068	6.28231850725
3.45548903152	6.34152083232	1.95422646068	6.28231850725
3.45548903152	6.34152083232	1.95422646068	6.28231850725
3.45548903152	6.34152083232	1.95422646068	6.28231850725
3.45548903152	6.34152083232	1.95422646068	6.28231850725
3.45548903152	6.34152083232	1.95422646068	6.28231850725
3.45548903152	6.34152083232	1.95422646068	6.28231850725
3.45548903152	6.34152083232	1.95422646068	6.28231850725
3.45548903152	6.34152083232	1.95422646068	6.28231850725
3.45548903152	6.34152083232	1.95422646068	6.28231850725
3.45548903152	6.34152083232	1.95422646068	6.28231850725
3.45548903152	6.34152083232	1.95422646068	6.28231850725
3.45548903152	6.34152083232	1.95422646068	6.28231850725
3.45548903152	6.34152083232	1.95422646068	6.28231850725
3.45548903152	6.34152083232	1.95422646068	6.28231850725
3.45548903152	6.34152083232	1.95422646068	6.28231850725
3.45548903152	6.34152083232	1.95422646068	6.28231850725
3.45548903152	6.34152083232	1.95422646068	6.28231850725
3.45548903152	6.34152083232	1.95422646068	6.28231850725
3.45548903152	6.34152083232	1.95422646068	6.28231850725
3.45548903152	6.34152083232	1.95422646068	6.28231850725
3.45548903152	6.34152083232	1.95422646068	6.28231850725
3.44985975369	6.34152083232	1.94860005391	6.28249827314
3.45525629522	6.3364162319	1.94506427253	6.27994588523
3.467414588	6.329377371	1.94495592859	6.27628462294
3.47938876087	6.32231550833	1.94468409966	6.27262804143
3.47607789931	6.32424378304	1.94471103378	6.27362664158
3.47387009756	6.3255283363	1.94472928034	6.27429236713
3.47607789931	6.32424378304	1.94471103378	6.27362664158
3.47607789931	6.32424378304	1.94471103378	6.27362664158
3.47607789931	6.32424378304	1.94471103378	6.27362664158
3.47607789931	6.32424378304	1.94471103378	6.27362664158
