pre_start
-0.205	0.0	1.04872531391	0.145042130036
-0.205	0.0	1.08689784177	0.1413336172
-0.21685559751	-7.84506764279e-06	1.09572214425	0.134823377022
-0.225853866478	-4.39293677778e-05	1.04343476949	0.213023337919
-0.231823995897	-0.0001375634251	1.05418335327	0.203297461486
-0.243721229294	-0.000297371238777	1.0630087802	0.192086108336
-0.255447690212	0.000470715702386	1.05870891252	0.196872550423
-0.26316056987	0.000954884124763	1.06686112573	0.198839121614
-0.274741223525	0.00186694152319	1.06732111611	0.199693686883
-0.282561573467	0.00274161376944	1.06065826765	0.199268863869
-0.304609954903	0.00482514400973	1.07077845891	0.201450557041
-0.312537658721	0.00576912214386	1.06326246672	0.198377482911
-0.324414268055	0.00694620491496	1.07905948901	0.207601376289
-0.330463823296	0.00777847747634	1.06331903958	0.19712096239
-0.342448672425	0.00972541440189	1.07021144308	0.204770058737
-0.354678275234	0.0116249544842	1.06808442201	0.202702529186
-0.363014834316	0.0129900505796	1.06841890902	0.198352838373
-0.375390465797	0.0144470916985	1.06490901374	0.200064257764
-0.381669339441	0.0153414882732	1.0759540958	0.191749650373
-0.394569201075	0.0170678880154	1.10735397337	0.186741801224
-0.40880069845	0.0199797002765	1.07440473686	0.290457892437
-0.40880069845	0.0199797002765	1.07614291319	0.295570360663
-0.413651857536	0.0200889528824	1.0785381181	0.272123012991
-0.414573095575	0.0227462294909	1.13810746495	0.288452240829
-0.420074896082	0.0235384948239	1.22108328861	0.193558265333
-0.425512560523	0.0252620696938	1.22498631273	0.189532513445
-0.436791250686	0.0262057119452	1.23028325049	0.196765354909
-0.44443212005	0.0257490304918	1.22522846438	0.198686435472
-0.456248161113	0.0248832972691	1.22097404311	0.191655878753
-0.462901334743	0.0244332119678	1.23595954334	0.201077311596
-0.475148693917	0.023873942171	1.24317046369	0.202490530206
-0.481152205247	0.0234883839748	1.19963485058	0.289558000207
-0.493054546076	0.0234419648751	1.21446520586	0.295709188398
-0.498472276228	0.0244639926686	1.24351789399	0.304848806349
-0.50566311907	0.0271227250357	1.27042772575	0.313335110974
-0.514648490578	0.030455512015	1.30929983757	0.318291575905
-0.518937281875	0.0327576519794	1.40666802767	0.246554424908
-0.528293349809	0.0380243104784	1.4293355502	0.261554181361
-0.536373920794	0.0389427979228	1.42505860518	0.261788449058
-0.544856012679	0.0382348334303	1.42457071322	0.256849991511
-0.548586362137	0.0372767712313	1.44636562	0.261998817139
-0.559979340252	0.0372031453855	1.44244943786	0.274129585091
-0.567159223833	0.0366377362831	1.44243188271	0.272981451212
-0.578177481276	0.035601529321	1.4471633684	0.269987220439
-0.586279096751	0.0337449554004	1.4785400011	0.269044231062
-0.599023398422	0.0323161140689	1.49574002932	0.264884063741
-0.605133038813	0.0321764432525	1.58314297032	0.203274671133
-0.617800796539	0.031604010693	1.58671203904	0.206160687398
-0.622647537433	0.0300734579433	1.61119643995	0.218028686971
-0.629752798244	0.0228258450923	1.62722546039	0.215755830837
-0.629962511214	0.0203788115724	1.61538631684	0.20465251268
-0.641489494637	0.01915699454	1.58752829334	0.289925425313
-0.650158263335	0.0155983283321	1.61390681726	0.294412801754
-0.656088779025	0.0155195987248	1.60270408647	0.282446892466
-0.668450026511	0.0143883372319	1.60877543751	0.284758875738
-0.680536085124	0.0138135783345	1.61884576824	0.288386067135
-0.688159965588	0.0141508910441	1.62169804313	0.292901932359
-0.699754720137	0.014322559294	1.63734770461	0.293882802028
-0.707864898873	0.0140592617879	1.66080968186	0.295862383319
-0.716225969547	0.0139700362372	1.6104674104	0.377619858349
-0.72017071517	0.0131615167522	1.61857831596	0.377569180706
-0.731190783939	0.0170078948209	1.63680304385	0.381452177068
-0.738045756085	0.0197900565813	1.64814466206	0.382728594252
-0.749715573626	0.0233831384283	1.66972614857	0.390364794118
-0.751959356163	0.0237649938542	1.68141222281	0.391230830752
-0.767496868261	0.0263028250368	1.72670723797	0.402330029546
-0.773060180231	0.0276909391892	1.79250432953	0.325337619772
-0.780812471673	0.0312034372512	1.84477139715	0.34136858664
-0.780999254647	0.0300976542154	1.82818933695	0.334203505201
-0.790674552845	0.0310176675399	1.85581110929	0.346268669035
-0.797096113643	0.0321521765436	1.84241684563	0.345497937412
-0.810280862873	0.0312150783123	1.84154025539	0.343873669323
-0.820612109019	0.0301460082371	1.84275857977	0.33983891069
-0.826593040275	0.0299290331617	1.86394581513	0.342402300997
-0.832855461819	0.0291647835861	1.88691706961	0.34503128053
-0.841060455654	0.0297189021265	1.91070652353	0.35377919673
-0.851359894029	0.0301684120794	1.98259838608	0.280955097098
-0.862809934394	0.0297082956546	1.99337349396	0.282709868332
-0.871099731729	0.0302917472986	2.01109546259	0.279970422364
-0.883266249996	0.0327607884571	2.01292716788	0.278985245641
-0.89125245302	0.0325191441819	2.01141264543	0.278789559364
-0.903105522953	0.0307030779289	2.00204267269	0.36765833919
-0.908998845597	0.032423366699	2.01285827004	0.361414630736
-0.923041660285	0.0397540459686	2.03755841695	0.379601816892
-0.934040713665	0.0382302684327	2.04245959076	0.383276109524
-0.940407248787	0.0363051033724	2.01802592926	0.362915310152
-0.952539514426	0.0376098625746	2.02455886984	0.367346954352
-0.965349533366	0.0381361705099	2.03049969981	0.370376884468
-0.971683720797	0.0385376104317	2.02453327593	0.366896839463
-0.983691651981	0.0405690628344	2.0304833852	0.371229375459
-0.992142512649	0.0412541663133	2.04989562813	0.375388959785
-1.00702498902	0.0420918349021	2.08287047848	0.382430682556
-1.01741371005	0.043222535843	2.04332540671	0.473246360765
-1.02379547928	0.0435083520281	2.0629939563	0.480346393918
-1.03286384909	0.0437968871007	2.07297350455	0.483883193085
-1.03303905329	0.0420628215593	2.14026142986	0.399899432238
-1.04375628784	0.0426449108691	2.19869200315	0.323633949025
-1.05129718186	0.042792246086	2.17291395471	0.410683004979
-1.05784554752	0.0414543928197	2.20465566474	0.411237966632
-1.06468538455	0.0437006656597	2.2125644173	0.414804697291
-1.07159822447	0.0444555327965	2.21368520973	0.409081747516
-1.08414755875	0.0450662900384	2.22010077008	0.408166335067
-1.09035809615	0.0453753410733	2.22594215225	0.410780092146
-1.10180830219	0.0466234878847	2.22135134236	0.32101546866
-1.11381115355	0.0478862216679	2.23034627574	0.420822789651
-1.12181206875	0.049005015443	2.24453180448	0.41586515157
-1.12962173591	0.051261093919	2.26241742992	0.419761701352
-1.13588173719	0.0514132554708	2.30958580702	0.430648891765
-1.14260053358	0.0540262889658	2.26433791544	0.519266827194
-1.15452125683	0.0558396348523	2.26457479752	0.51748689468
-1.16235177607	0.0568400139882	2.29216882247	0.523313577356
-1.17004050915	0.0551579216039	2.30485028878	0.529153572584
-1.18391505611	0.0541394286472	2.31656893873	0.534016664294
-1.1919644998	0.0527635021966	2.33469173803	0.535774966882
-1.20044908395	0.0503342316198	2.40131542162	0.455228411236
-1.20053541755	0.0485967694334	2.42871346955	0.451906204168
-1.20822876896	0.0491217379999	2.43780553747	0.450694759546
-1.21780407354	0.0537004153848	2.44968209316	0.453813820553
-1.22595437571	0.0544121173896	2.45343769891	0.448371971872
-1.23958986866	0.0562097964704	2.44913836944	0.445924840356
-1.24719897009	0.0582078334165	2.45717845348	0.447489993114
-1.25869594379	0.0615081434114	2.46712160624	0.455159575683
-1.26463309879	0.0628027760104	2.46281886993	0.448403362076
-1.27821306413	0.0667214510428	2.48095227347	0.456075599763
-1.28234758891	0.0687887296445	2.49377238441	0.45331210586
-1.28256296016	0.0667200815054	2.51708319495	0.45596073775
-1.29298328266	0.0718448834208	2.55106954959	0.473220198798
-1.29847639171	0.0745169700797	2.61803906804	0.408677828558
-1.30628147034	0.0775888752928	2.62764174798	0.415601500187
-1.30991506079	0.0762396046885	2.59685695863	0.480809306856
-1.31744554127	0.07953823074	2.64445032982	0.40917220253
-1.32364329327	0.0834383450096	2.65455573874	0.413604884768
-1.33711301167	0.0885649268518	2.63213975609	0.489580675092
-1.34520385063	0.0919440327344	2.65184579089	0.496811358135
-1.35063804838	0.0943436566166	2.65612214803	0.49874656102
-1.36344136013	0.100793053448	2.65114149628	0.503083543902
-1.37090666971	0.107910181746	2.6550045414	0.501097065105
-1.37074412029	0.110555453556	2.6650790477	0.512724548113
-1.38233219728	0.111592007592	2.64897123816	0.505223971147
-1.38770876651	0.120257165337	2.6563396134	0.514925282264
-1.39692491778	0.128767876449	2.6564052325	0.511875310571
-1.40263235111	0.132740098294	2.7146420974	0.535873761525
-1.4142304882	0.136952035398	2.69618556089	0.531724094044
-1.42104510561	0.143314290662	2.75967162913	0.47581988752
-1.42774986682	0.152060331753	2.73900402379	0.54589502059
-1.43096832987	0.154616593245	2.74337376702	0.549422571292
-1.44007186332	0.158492028194	2.80050435604	0.487834714523
-1.44664585768	0.161089929124	2.81017698946	0.484928314633
-1.46011664839	0.1669851016	2.80575911971	0.486555282136
-1.46652183285	0.16852646666	2.77715387042	0.557728359582
-1.47701384688	0.176068761081	2.80408593585	0.558275755474
-1.47995531824	0.183634486511	2.80499425591	0.55486938415
-1.48020037614	0.182521748779	2.78529126137	0.555612917219
-1.48013658634	0.182966866554	2.80221652853	0.559678253492
-1.4898789713	0.189022943907	2.81037617358	0.561404817792
-1.49656356626	0.197360528376	2.80053893262	0.558034992833
-1.49668328459	0.197135090118	2.80063214826	0.558028223971
-1.50080339315	0.196683481051	2.81014400256	0.564221406326
-1.50564089264	0.203491957923	2.81459157672	0.562809839456
-1.51142810957	0.213981419454	2.79283053389	0.563769566853
-1.51741968423	0.213068311123	2.80004328351	0.564642943644
-1.52224354329	0.215137697007	2.80660862014	0.561888602598
-1.53202658181	0.220224750408	2.80823638714	0.56623955469
-1.53911308316	0.226041649078	2.80050567594	0.560037211873
-1.55200993102	0.231197199758	2.81372090265	0.567749042412
-1.56120339743	0.234033060507	2.81131275286	0.569900702297
-1.5668073142	0.236647977383	2.804213526	0.563368005229
-1.57445838252	0.240947018503	2.80122944143	0.560753413998
-1.57462769754	0.240468942906	2.8009043738	0.560266420575
-1.5954852968	0.246525411361	2.81968230717	0.567492575205
-1.60119545946	0.248475109557	2.80158235086	0.560488708262
-1.61513997265	0.248716346499	2.80479981423	0.560309998845
-1.62089557605	0.249210602466	2.80372949713	0.562135485952
-1.63179964878	0.252194337052	2.80459344718	0.560193506459
-1.63742153028	0.253444456997	2.80186326387	0.559601621783
-1.64769922649	0.253446340111	2.80458123326	0.561915229026
-1.64809434391	0.251431646037	2.79942870549	0.560217923557
-1.65415246816	0.250926630442	2.78259925677	0.546680313089
-1.67406824931	0.25726593511	2.80186462632	0.561909709202
-1.68514541789	0.252882676525	2.79351843235	0.55501751478
-1.69326182085	0.25002882897	2.79852622551	0.555261347629
-1.70119495453	0.249768024991	2.79795075665	0.557434456317
-1.71284398907	0.247403075482	2.81011753747	0.556554492403
-1.72487310988	0.24502095455	2.80156967056	0.556529409033
-1.7313547664	0.242889998708	2.79775102703	0.555591634059
-1.7466940833	0.237794480062	2.80694627365	0.552548780461
-1.75521109464	0.23536220643	2.80296773575	0.552677080613
-1.77433636238	0.227448064717	2.80378597761	0.547691486291
-1.7832850435	0.223320109596	2.8058644662	0.549681901594
-1.78755653994	0.218080157652	2.80086986105	0.546367517334
-1.7952069673	0.221961944264	2.80806319538	0.552360175904
-1.801404755	0.220013221234	2.81218429721	0.549426213691
-1.8145705467	0.216645502679	2.82613110644	0.563374913134
-1.82132140989	0.21269672331	2.8471800749	0.581203322146
-1.83450007456	0.206737976765	2.83551776489	0.573385316376
-1.84269727559	0.201884177892	2.8441483457	0.572650637834
-1.86684588871	0.19322857225	2.84656972505	0.577464751456
-1.87329310919	0.189443826135	2.90284244801	0.594234292313
-1.8864394728	0.183587579212	2.9357737993	0.597721838316
-1.89486007163	0.180641776051	3.00327302518	0.520017032253
-1.90720243111	0.178862547667	3.05947352798	0.534849745324
-1.91977520716	0.176469529298	3.07290404711	0.552183226026
-1.93057792762	0.17466704053	3.08486610825	0.539559608845
-1.9387953377	0.176481334114	3.10489221036	0.538218308572
-1.9469484978	0.178911173661	3.11295157475	0.535330852526
-1.97219755738	0.180118590505	3.10801152148	0.625869845506
-1.98112764354	0.178260630069	3.1409420939	0.631586102189
-1.9948634572	0.173898142244	3.22695509455	0.712748563061
-2.00370345573	0.174213231558	3.16793733211	0.624815140287
-2.01579489491	0.183055544582	3.16266070368	0.621628096754
-2.02424526223	0.187175631493	3.1349787218	0.536496977542
-2.03309557288	0.186538670821	3.20796173816	0.628349121227
-2.04662793763	0.183004499566	3.25393979523	0.630920851278
-2.0556573124	0.181392118665	3.30471863677	0.626777952259
-2.06856855997	0.184962176329	3.31954372324	0.631797736058
-2.07722150377	0.187574894744	3.33232900474	0.634429655391
-2.09023370939	0.192172550674	3.29900292982	0.724610445848
-2.09711781844	0.192833036124	3.28373654898	0.722207596539
-2.10619839416	0.191172184416	3.30969795715	0.718782699717
-2.11311178448	0.196163690953	3.38784258828	0.627499860652
-2.11977935639	0.198501843046	3.4124734133	0.614471218141
-2.13021595655	0.210239841263	3.4239525658	0.620299930479
-2.14268696766	0.208890391675	3.41794483382	0.618148129438
-2.14894971875	0.208551111622	3.41947360406	0.615924029131
-2.15791605704	0.206849212554	3.42481535331	0.617913150773
-2.16696998602	0.207534513608	3.45618027433	0.607546363403
-2.17223191836	0.206161176995	3.42943884094	0.702038058457
-2.18403817841	0.205816785076	3.42533165001	0.699718511522
-2.19223954613	0.206510854705	3.42780968188	0.69442053572
-2.20383514904	0.208601084844	3.43228866518	0.695451985773
-2.21523266743	0.211752937275	3.43714883295	0.693930825793
-2.2247810464	0.214219012674	3.42686765461	0.689386516726
-2.23277135228	0.21527973125	3.43147193565	0.688722466038
-2.24087914234	0.215634697761	3.42616256698	0.683410506729
-2.24896352032	0.217417730668	3.42780138473	0.679527724289
-2.25307590935	0.215630529604	3.43462032971	0.683678358831
-2.26235437658	0.217422680355	3.4443070534	0.681030993413
-2.26767560918	0.216702683957	3.44576104105	0.682388870817
-2.28071054232	0.215619759383	3.45540284579	0.68645906167
-2.28661045095	0.216709717722	3.43752887488	0.679413991422
-2.29479363633	0.216344402658	3.43173122202	0.680904817945
-2.29520513616	0.212331890654	3.43445733759	0.678953974954
-2.29855866721	0.214157093217	3.43912151107	0.677671110423
-2.30443648836	0.216722199862	3.44853544948	0.674732868433
-2.31575646013	0.218193464551	3.44868482515	0.679539482509
-2.32406621936	0.214497721558	3.44237572315	0.679006001099
-2.3287809932	0.207832017776	3.42615015247	0.674367009677
-2.33687086678	0.207088224361	3.44313543963	0.677982736608
-2.34291347015	0.206343006403	3.43511699845	0.670890631958
-2.35391782582	0.204098136298	3.48833437017	0.57905396932
-2.36687053369	0.191667767314	3.51165281707	0.482057201633
-2.37574078345	0.188259325793	3.50939604694	0.479938400111
-2.38684194423	0.179510716602	3.52007030874	0.481966616421
-2.39573208576	0.161175275867	3.51867208832	0.485257290757
-2.4089335488	0.136220210774	3.49111064561	0.581242903411
-2.41565131308	0.124261313273	3.49409424517	0.592011945628
-2.42531429883	0.105678318635	3.52054200876	0.59301556949
-2.42549726562	0.104515683365	3.53851250854	0.593360559688
-2.43676760222	0.106075295201	3.54288103285	0.583553287333
-2.44338416346	0.104123137547	3.55064427994	0.596630578023
-2.45058894234	0.101380736596	3.54952475791	0.598121006228
-2.46377541788	0.0942921769621	3.56703358106	0.602946094343
-2.47022123992	0.089943432812	3.5541573681	0.593436801
-2.48590141407	0.0835901500019	3.58331638805	0.601806849
-2.49205691539	0.0795986059286	3.61616913707	0.617726848048
-2.5048569412	0.0527352104811	3.66077552589	0.548165084334
-2.51299628436	0.0378435033271	3.65164901161	0.619781570317
-2.52570509405	0.0289406338888	3.6544565103	0.620679474282
-2.53420868505	0.0236599861806	3.66340713613	0.615984947582
-2.54649893446	0.0179451150979	3.68780074597	0.621482359722
-2.55866212981	0.01671168591	3.72154942871	0.631223110461
-2.56499931728	0.0125927313379	3.73781289551	0.641973806951
-2.57790630144	0.00515059080822	3.7092292467	0.53115133794
-2.59066262295	0.00140985816842	3.73008473593	0.527537234844
-2.59897564069	-0.00402080436472	3.72217910658	0.531745569402
-2.60767768254	-0.0144979884905	3.73021540768	0.536119373816
-2.62240662684	-0.0309185460643	3.75177266589	0.536766783054
-2.62866509618	-0.0376868339556	3.85067815268	0.65100549082
-2.6433726265	-0.0593527626267	3.88116020523	0.637917545762
-2.65222215496	-0.0619128639538	3.89322416302	0.752739335209
-2.66082581267	-0.0623411077639	3.87861471272	0.754607919599
-2.67604431888	-0.0554401459792	3.89379746354	0.753908449272
-2.682799613	-0.0485210223284	3.903736727	0.751726256707
-2.69585258206	-0.0437446317924	3.94509260052	0.742364709845
-2.70461569444	-0.0372042045796	3.99636579362	0.634419435691
-2.71779683685	-0.030634940742	4.00974760144	0.644701089696
-2.726768496	-0.0253578418536	4.02106534099	0.643739575753
-2.74209797783	-0.0275707563716	4.02692511779	0.645548335388
-2.7511364618	-0.0235725013119	4.03040032243	0.646275494345
-2.76002643861	-0.0213451359041	4.03064581818	0.651288073694
-2.7735525294	-0.0204509398859	4.03265961728	0.660369955473
-2.78038954631	-0.0186529834934	4.03869498951	0.669869712563
-2.78967971547	-0.0195539129831	4.0634567082	0.679311362164
-2.79315928096	-0.0263273690415	4.07604647741	0.700023610994
-2.80287030788	-0.0177142257644	4.10124935999	0.709743725776
-2.80912584256	-0.0127165205734	4.11310178324	0.708879035754
-2.81643792044	-0.00770543785624	4.09774558495	0.713180273027
-2.82856055198	0.000983145430071	4.09345206198	0.724389923806
-2.84143098609	-0.00683253323153	4.09008300277	0.721326262762
-2.85107469795	-0.00406356778326	4.11276809022	0.726017292981
-2.85870872379	0.0038057954689	4.11046847135	0.724546434494
-2.86637280395	0.00891212929386	4.10581380845	0.725871099409
-2.87855452847	0.0126386065526	4.09164932245	0.727198780758
-2.89097453584	0.0102979159021	4.10248804159	0.723880354895
-2.89906727325	0.0126468237773	4.10137533381	0.728353312779
-2.91097728056	0.00981415660467	4.10579196207	0.726360233334
-2.9192431005	0.0117083141423	4.10257451802	0.721659538671
-2.93178854376	0.00980135440816	4.09682192494	0.724637130871
-2.94015710334	0.00646234036944	4.09712299956	0.717426499351
-2.9489421884	0.00646192355367	4.10413821801	0.720530317783
-2.94894895356	0.0021517430436	4.08473066707	0.717267860106
-2.95913665667	0.00552549078359	4.10665593521	0.715073285313
-2.96868760001	0.0166090297636	4.1128221361	0.720863904468
-2.9741859987	0.0170923441543	4.1087999292	0.715168119006
-2.98300759373	0.0180560983074	4.09079000017	0.71458969749
-2.99288835612	0.0127053415442	4.10325921814	0.715160489869
-2.99945565966	0.0200176075741	4.11738732438	0.717181246056
-3.01034649978	0.0234422773437	4.1235004225	0.734264654638
-3.0162396655	0.0224609709675	4.12363670253	0.752794700732
-3.02561109512	0.00918883631638	4.1025950807	0.629064774402
-3.03496458526	0.00227603355006	4.10936022923	0.635730064941
-3.04194919762	-0.00762681364669	4.14758390016	0.769709886325
-3.04940802208	-0.0324418379488	4.16644162727	0.77693426116
-3.04929752051	-0.0438599026956	4.15959750084	0.781824651765
-3.04993305537	-0.0493216909713	4.20344297658	0.793268694088
-3.0499416203	-0.0488251557345	4.26492242509	0.707012435881
-3.06111045966	-0.0438422178064	4.29523987661	0.72426095047
-3.06794260827	-0.0403453753973	4.3182766229	0.726731957802
-3.08190899233	-0.0418448273015	4.3442602379	0.720355662723
-3.0905513573	-0.0428497848433	4.33813073502	0.718445090712
-3.09673918515	-0.0453733202943	4.35414158077	0.72234864085
-3.11001236116	-0.047386437314	4.33315698938	0.821583916128
-3.11568428503	-0.047386437314	4.37041050259	0.817585987538
-3.12417103072	-0.0499322460362	4.36189188259	0.814713201059
-3.13028666673	-0.048914354238	4.36973936458	0.821571362529
-3.13700025028	-0.0391940734513	4.39531405746	0.824399288816
-3.14588109716	-0.0268866793487	4.40202173418	0.819810555223
-3.15209944171	-0.0227717757918	4.40545805131	0.816900680671
-3.16453040705	-0.0119343480487	4.39305357329	0.920434272451
-3.17585396135	-0.00312897752599	4.40556639028	0.920051679817
-3.18144152085	0.00206589343633	4.41376083781	0.915425028035
-3.19574310636	0.0260417640421	4.42951121124	0.924278559995
-3.2037188009	0.0344120418607	4.42790784962	0.912922872975
-3.2117444906	0.0464766326386	4.50653794175	0.823915179292
-3.22533823992	0.0654227515621	4.5235248708	0.827256987701
-3.23138497277	0.0696484486573	4.51526914507	0.821750318688
-3.24585020681	0.0797187463312	4.51914096217	0.822699170802
-3.25203402327	0.0829096377759	4.51657169007	0.8225256219
-3.26423231364	0.0903795441406	4.51822918967	0.821827591943
-3.2724878344	0.0951955573306	4.52361806397	0.822893768975
-3.2850777558	0.0989564519418	4.52105031169	0.820028958764
-3.29327053295	0.102727373617	4.51793892607	0.821065169327
-3.306058813	0.105430203676	4.52562887515	0.822929722296
-3.31469366041	0.109770176636	4.52122553549	0.819268303021
-3.31471277155	0.109227431036	4.51258229148	0.815143052961
-3.32418452218	0.110314094909	4.52715404418	0.819039469331
-3.3332451336	0.11794737681	4.53642419536	0.822276727925
-3.34337278369	0.117398549963	4.52786486844	0.81920261406
-3.35153657079	0.115752137351	4.52170477337	0.81285546507
-3.35953377649	0.116302054131	4.51855623624	0.817682068659
-3.37059089381	0.112437453642	4.53016409422	0.814880404178
-3.38237699298	0.110774847683	4.52758475808	0.819928022878
-3.38849900693	0.106329949622	4.52598788031	0.815320075499
-3.39546188772	0.0979855005563	4.51913432609	0.81002046817
-3.40289052024	0.0963114297722	4.52142614555	0.808098747958
-3.40238759992	0.0974275717225	4.52443422291	0.807991529864
-3.406233672	0.0957514228934	4.52100990945	0.813766712138
-3.41259498168	0.0940711243149	4.52029454537	0.811480551987
-3.42388488824	0.0884581604134	4.52889410919	0.812409422846
-3.43225054506	0.0833905867813	4.52395330448	0.808952260089
-3.44026497863	0.076618186062	4.53232810526	0.807911543045
-3.45384083229	0.0641603740942	4.53507084794	0.807888079333
-3.45996094801	0.0584794874911	4.52152315722	0.80916772497
-3.46845062398	0.0448142680864	4.51587769044	0.811840106979
-3.46859400641	0.0436750615531	4.51439117133	0.810375375973
-3.47744415832	0.0419653709713	4.51604742666	0.813871590059
-3.49044977035	0.0305113686935	4.5296837206	0.807477166198
-3.49861724665	0.0224667000942	4.52899961112	0.807741436894
-3.50645565881	0.0167069459184	4.53235123436	0.806942117471
-3.51412546563	0.00631471706436	4.53266847626	0.806222845988
-3.51413026396	0.00284940615107	4.52258974228	0.809028386649
-3.52683957746	0.00169020046185	4.53943776618	0.813248198498
-3.53203659273	-0.00643929467439	4.53477320174	0.810905518674
-3.53857835078	-0.0279524490609	4.51644955987	0.805415620428
-3.560746565	-0.0583621640269	4.53324006176	0.809274245474
-3.56823489853	-0.0683355633567	4.52789546236	0.802784924433
-3.57402529474	-0.0748037614791	4.52750821183	0.805876519001
-3.5813956216	-0.0983709565993	4.52053641129	0.805668686931
-3.58469483213	-0.108979097814	4.51827355056	0.802465616889
-3.59083854061	-0.104842594955	4.53276806563	0.802068114696
-3.60175700045	-0.120240394667	4.54417903449	0.800841889229
-3.61144375864	-0.138065739556	4.53226599156	0.800091788201
-3.61887368857	-0.15474315886	4.52601678126	0.804915770446
-3.63456753881	-0.186413906668	4.53053739389	0.801475751644
-3.64699593814	-0.214620483402	4.53681787318	0.797242043254
-3.65239625356	-0.224248291696	4.53724712063	0.79740840557
-3.6596618196	-0.245329613084	4.53322739879	0.792870344699
-3.66586584921	-0.256803896144	4.54269704664	0.79322760912
-3.67148554874	-0.26708693974	4.529331717	0.801518926375
-3.68226254208	-0.306512532627	4.54021711139	0.793705079528
-3.68723038078	-0.320493645996	4.54909624059	0.804234702905
-3.69257573215	-0.330835861586	4.57185957228	0.804909319018
-3.70699475427	-0.347937324872	4.57643334398	0.807078387894
-3.7121679702	-0.376714147753	4.58009501521	0.805713254912
-3.71495946727	-0.382837189963	4.57446855496	0.805109609329
-3.72304319682	-0.386519068423	4.59146412252	0.803768756225
-3.72737634496	-0.395127028471	4.58957828979	0.805634227523
-3.73713621435	-0.416693993096	4.61840576385	0.806207289804
-3.74351735321	-0.429660715338	4.60642074641	0.889134232034
-3.75389533189	-0.453181929158	4.66639249973	0.811797850657
-3.76018913791	-0.466830336221	4.67622873935	0.810277767007
-3.77472741911	-0.502932246223	4.69917875377	0.816962041426
-3.77994028598	-0.521025203061	4.7236162085	0.82510801769
-3.78887795256	-0.543534660517	4.76091099069	0.826766701368
-3.79754608263	-0.566097031694	4.79360615389	0.824208903717
-3.8061312802	-0.574891368182	4.79958089615	0.823358585361
-3.81216266045	-0.587480935708	4.80056108027	0.826230947589
-3.81827799626	-0.600091085494	4.8185977155	0.836450522788
-3.82878445312	-0.612734272554	4.86583739597	0.858963369038
-3.83877761083	-0.625411541189	4.90180342915	0.876980416933
-3.8468082723	-0.627316270276	4.89259731956	0.884502702098
-3.86039385392	-0.626680719706	4.90877971964	0.894075531699
-3.86908790121	-0.627959021582	4.9571998074	0.834653544283
-3.86841743209	-0.629877238946	4.94659245757	0.830472858864
-3.88187552001	-0.629231084026	4.95962165751	0.835739867673
-3.88994278696	-0.622162044146	4.96095237056	0.846243749904
-3.90031582987	-0.625384396071	4.96532483469	0.864634845153
-3.90644680323	-0.62215451169	4.98369513313	0.917547132179
-3.91544883517	-0.620861055599	5.04685397338	1.12684283725
-3.918051278	-0.626691832309	5.0530250529	1.1755675435
-3.92300836585	-0.624095967834	5.0861123187	1.19516330861
-3.92291188611	-0.620851692134	5.08440267042	1.21184366294
-3.92269494148	-0.622149450357	5.11946628412	1.13309243737
-3.92576445794	-0.627991957458	5.11066668415	1.13325457039
-3.93173490413	-0.627991957458	5.09530256165	1.13882943955
-3.94241183754	-0.60648083342	5.07976858897	1.15550953641
-3.94522901083	-0.610397926053	5.0788375977	1.18717409185
-3.95396930058	-0.624134076598	5.03739361686	1.39406185098
-3.95717581523	-0.635269786297	5.03351702423	1.46079018605
-3.9638527089	-0.665436534215	5.05765527614	1.47588762568
-3.97732303309	-0.656228533145	5.07499508814	1.50526497121
-3.98390735398	-0.652931063408	5.10766760403	1.42499886956
-3.99837831149	-0.649623383141	5.08590903936	1.41662077084
-4.00660745085	-0.647633982155	5.10168980216	1.43500538541
-4.014938276	-0.648299375957	5.07707439307	1.43301345
-4.01351339362	-0.657607194266	5.05081580934	1.45068294224
-4.01351339362	-0.657607194266	5.02653612442	1.5048101991
-4.01444210338	-0.650959369054	5.00489842504	1.6100072947
-4.0145556592	-0.650294486069	4.95905434655	1.7675020549
-4.02485995273	-0.647624685676	4.94645205719	1.76161204168
-4.03596027201	-0.621571728513	4.97053325015	1.77995823225
-4.05579726676	-0.584012635295	4.96555049789	1.77720858283
-4.06299779851	-0.565168330147	5.00346072337	1.70913118019
-4.06353217787	-0.561801339952	5.02100085496	1.72648318543
-4.07396258489	-0.55571972614	4.98571840989	1.7057995456
-4.08944901767	-0.517130699446	5.01306792959	1.7311687097
-4.09762734294	-0.503545962077	4.99617930944	1.73119345383
-4.11500226591	-0.479703725072	4.97327022673	1.73785824097
-4.12261518722	-0.464664624973	4.96981176222	1.78863514197
-4.13464556692	-0.426292503718	4.9492961635	1.84469010387
-4.15688935933	-0.362960884513	4.92233828392	1.93075476154
-4.16429147675	-0.3484516963	4.83726503925	2.01727535303
-4.17918287611	-0.315189950447	4.86219660068	2.04330140566
-4.18885595095	-0.292952460889	4.82929571498	2.01179903348
-4.20667609664	-0.239248107656	4.83253426455	2.01852447678
-4.21678513805	-0.202861743724	4.84572357763	2.04181545403
-4.23068714727	-0.161447620292	4.89799721864	1.98075602814
-4.24028045044	-0.125548604599	4.89835300106	1.97806794498
-4.24720548835	-0.1022689973	4.89340251393	1.97845799946
-4.26030452896	-0.0619581712946	4.89301167569	1.99310380849
-4.27531743467	-0.00377745410699	4.88388827055	2.02497820904
-4.28581405065	0.03180705775	4.86756194381	2.08856776224
-4.29391499722	0.0617704552446	4.75190407565	2.15388436754
-4.29981216026	0.0889300347023	4.73984786116	2.17110538707
-4.31093880374	0.146944766683	4.74647181942	2.17820852475
-4.3177651094	0.191441666822	4.72426726317	2.1703945859
-4.32309585342	0.2179874062	4.71588354284	2.19809190579
-4.32957564423	0.241020992638	4.61386175096	2.23109735437
-4.33538608087	0.308773888866	4.59811804987	2.26558925373
-4.3399118267	0.344859756858	4.71016678265	2.22796524544
-4.34716998141	0.399784256032	4.70425693353	2.24142136705
-4.35203458348	0.41281456514	4.70422378361	2.25191552559
-4.36073573007	0.460672856471	4.69983741236	2.27873335634
-4.36470960711	0.491893633287	4.70498693296	2.28229375248
-4.36821076223	0.526050576788	4.70175426683	2.28184699296
-4.37304996593	0.594435467418	4.77909416475	2.28664081448
-4.37623620422	0.6148272335	4.69822700007	2.28201012778
-4.38194611948	0.669506795095	4.69932152546	2.28490465201
-4.38427562375	0.69212887254	4.69562968652	2.28298400683
-4.38878222995	0.735217276028	4.69647015647	2.28290154286
-4.39161820237	0.762989838477	4.69558545827	2.2762868484
-4.39324938386	0.83174563592	4.68980336323	2.27367305072
-4.39531909615	0.874175440943	4.69196656042	2.27607873358
-4.39710972936	0.895404993751	4.69784818291	2.27745943719
-4.39652724576	0.954712652337	4.69944458014	2.2799938619
-4.39277585965	1.00666361219	4.69940902046	2.27876602308
-4.39073342902	1.06662619083	4.69622460369	2.27900512181
-4.38988034607	1.10317441731	4.61285454813	2.28646140504
-4.38912777046	1.15361253848	4.69799913131	2.27697488204
-4.38345437686	1.21861097368	4.70026964313	2.28978673125
-4.38014610514	1.25217119028	4.69864042245	2.27893203239
-4.38012272829	1.29519574458	4.70053324999	2.28731798831
-4.37615893084	1.34986875377	4.69872914135	2.28296475345
-4.37672129254	1.37609618822	4.7049764012	2.29482161505
-4.37690562357	1.4023264895	4.70634926888	2.28480526963
-4.37312188548	1.45914008515	4.70673952524	2.28904095712
-4.3687491236	1.49043035145	4.7149052367	2.29418060163
-4.36652982834	1.5216914302	4.72178891232	2.30768456312
-4.36313252251	1.56819793391	4.70905573061	2.30035558778
-4.36000103109	1.61176130129	4.71002208725	2.29939534913
-4.35490371537	1.64802373918	4.7023544498	2.33205695533
-4.34996812048	1.69438507874	4.79836298063	2.29612733057
-4.34850426203	1.71465445453	4.79824784468	2.28016873033
-4.33536908723	1.78330037754	4.79973797506	2.29643199549
-4.32824220236	1.83087372877	4.79724033269	2.32051319061
-4.32173039251	1.86613130201	4.79313588806	2.3275638683
-4.31572383814	1.89487551192	4.79001388707	2.32913821728
-4.30544747307	1.94651191075	4.67698578683	2.39987111893
-4.2964778288	1.98442805884	4.67647786372	2.42881943726
-4.28157813329	2.04791712282	4.67132906516	2.44912521365
-4.26753025349	2.0983736514	4.56581745523	2.42735613477
-4.26121684686	2.1239013698	4.57680109998	2.444894874
-4.2416388699	2.18681698855	4.56640645869	2.47546774392
-4.23012597444	2.23328972567	4.66043259758	2.51345605259
-4.22147313388	2.26138487845	4.65307621198	2.53449973912
-4.20100005654	2.32506943331	4.53948649035	2.58279363196
-4.19395578776	2.34878158915	4.65776657442	2.55248070749
-4.17563264416	2.40648978398	4.64573853597	2.57617050297
-4.16713823457	2.43489174046	4.64581230649	2.5454899433
-4.14044299069	2.49905007497	4.6353987466	2.58541439359
-4.11492813436	2.5524890296	4.62896232536	2.63325334515
-4.097392502	2.59268938262	4.62331818418	2.64612575823
-4.06855556111	2.65907555183	4.52591436729	2.60599847052
-4.05684884621	2.68603176795	4.53153081204	2.60878207114
-4.03334682562	2.7423766052	4.53074412213	2.61616056868
-4.01557204457	2.77973536125	4.52444056407	2.66027634996
-3.99334730802	2.8275232762	4.53602148714	2.6351941921
-3.9810786291	2.8526297332	4.53427605171	2.64707308006
-3.95107188885	2.91175299568	4.52675177114	2.69198691133
-3.92901803781	2.95350037813	4.52102181841	2.7601974998
-3.90675543498	2.99241063387	4.51656125841	2.80651898245
-3.88074429861	3.04073810732	4.51746096218	2.80637696305
-3.86978006113	3.06189639425	4.52195916246	2.79217405771
-3.82108554004	3.13692932154	4.50743000795	2.78830998338
-3.80337126969	3.16465587317	4.50723802285	2.82334698135
-3.7590312149	3.23212378255	4.50022247165	2.8055088785
-3.74226440615	3.260614128	4.49999907204	2.85652726755
-3.71602852821	3.2987825422	4.50660821262	2.83700566871
-3.67394825795	3.35242706397	4.51538807638	2.81087151744
-3.64095702901	3.40007555634	4.51664154899	2.82580352912
-3.59589772904	3.45912323542	4.50878500382	2.84262368577
-3.5642305893	3.50334522103	4.5083732664	2.84977300599
-3.54016958149	3.53550836215	4.50772345912	2.87737250768
-3.51204803623	3.5749606819	4.5112127909	2.90068441705
-3.4980680355	3.59456531523	4.5183403415	2.95290871049
-3.45692558986	3.64431551399	4.51951353706	2.93141478018
-3.41945285106	3.69007717261	4.51396702067	2.93679483552
-3.38845031611	3.72528855786	4.51511342449	2.94284022138
-3.35833220944	3.75905300049	4.51430174762	2.92948756507
-3.32269317059	3.80069129482	4.51586487868	2.9463457076
-3.28923475082	3.8380676484	4.5130315942	2.94593641256
-3.25750938578	3.87560493821	4.50680453715	2.9852770909
-3.23771333223	3.89687206341	4.50013181232	3.0290672284
-3.2129710565	3.92378377743	4.50319437539	3.05571808654
-3.16541173285	3.97332468604	4.51350630253	3.00931186003
-3.13457505542	4.00368256243	4.49984545594	3.08375832736
-3.10071000826	4.03931323634	4.51092180785	3.09387559338
-3.07483321348	4.06500186444	4.50312852504	3.15715427724
-3.03310620043	4.10483186659	4.49977620766	3.18250001165
-3.01552680827	4.12207719982	4.50251577367	3.17831897161
-2.96971205723	4.16494925232	4.49125718959	3.20216324039
-2.95217805262	4.18324836183	4.49198173848	3.18817124116
-2.93089824152	4.20380988752	4.49993895747	3.18962511937
-2.86942952972	4.25467142225	4.49040672772	3.19956383038
-2.84966011368	4.27183884545	4.49276024673	3.19156572659
-2.80854835145	4.30806717856	4.48907278256	3.20463744762
-2.79308769693	4.32349051488	4.5000878069	3.20473094958
-2.76486418401	4.34643196044	4.5009378872	3.21949661686
-2.72447458509	4.38060026266	4.49444722184	3.27173786531
-2.71079842128	4.39289831063	4.49875071998	3.23532504976
-2.67129274617	4.42115059174	4.48924534787	3.2817212073
-2.66378586015	4.42544872079	4.48322693559	3.31766141718
-2.66992688955	4.42545091652	4.4928872329	3.34815829952
-2.66147428865	4.42974492834	4.49127121109	3.36227525507
-2.64600291566	4.44515233089	4.48393137362	3.39997038688
-2.6292180449	4.45619763925	4.48326611663	3.36680309455
-2.620871527	4.46084399781	4.47630851487	3.37644181053
-2.6315865822	4.46042391824	4.48350871403	3.36052314647
-2.60817699878	4.47645230862	4.47434898317	3.39546712993
-2.59155011013	4.49067688647	4.47725082778	3.38677789789
-2.56376244452	4.51099042739	4.48144332297	3.37742081963
-2.57049709934	4.5101605146	4.48457080548	3.37135529114
-2.57294358157	4.50892128037	4.49057011108	3.40593717309
-2.56322655755	4.52007668601	4.49412451068	3.3920253317
-2.55249942476	4.53076184536	4.49621120888	3.40177764883
-2.54418182649	4.53813298449	4.49734904737	3.41407529432
-2.52752003761	4.55278789199	4.49609076211	3.39022733599
-2.53078375219	4.55563036052	4.49064336222	3.39918884251
-2.54232223796	4.55400006895	4.49556975656	3.4147117385
-2.54594053363	4.55727766478	4.50096227958	3.40556698381
-2.54200531383	4.55931868103	4.49574740436	3.40487386518
-2.54200531383	4.55931868103	4.5015694089	3.42329753136
-2.54329688759	4.56463274947	4.5007981597	3.44361458431
-2.53796627474	4.56993784059	4.50117108401	3.42433501205
-2.53138451363	4.581336091	4.49795188731	3.44683967256
-2.53058219936	4.58499476198	4.49818756391	3.48225640092
-2.53061200722	4.58621311541	4.50109189735	3.487038608
-2.54933799784	4.58295713966	4.50773886695	3.48563414333
-2.53428279677	4.59398271824	4.50219786606	3.48520766589
-2.54464577689	4.59396946946	4.50260376275	3.47641431514
-2.5351480277	4.60375852597	4.50061174065	3.4968477164
-2.5313720194	4.61067435846	4.50441896782	3.47976015887
-2.53333330249	4.61392690382	4.49745122256	3.4916251524
-2.53320536434	4.61392685916	4.49222861205	3.49575229026
-2.53163730427	4.61473928992	4.49963415181	3.48028703207
-2.52913542153	4.61595683707	4.5016967035	3.48492965317
-2.52913542153	4.61595683707	4.50209131331	3.50208789386
-2.52832974969	4.61636240491	4.49749350737	3.50039258471
-2.53387826762	4.61676821174	4.50053670777	3.51164602553
-2.52695050807	4.62367375143	4.51148983559	3.48757403827
-2.51980032725	4.63298450237	4.50317967211	3.50662516963
-2.52108843587	4.63541244572	4.50526987795	3.49790734696
-2.53174731364	4.6345935584	4.50811489549	3.49672648738
-2.53661031282	4.63500057176	4.51584592738	3.47233318814
-2.53824194119	4.64029805871	4.51551748102	3.49386831316
-2.5370911253	4.64396702664	4.50914046804	3.49542502797
-2.55081967588	4.63824912364	4.50819906755	3.49777365392
-2.55324793577	4.63702021959	4.51483890964	3.48714624394
-2.55235329522	4.63742999554	4.52037790258	3.46672792746
-2.55827810163	4.6362002886	4.51519066626	3.49763542902
-2.55564254453	4.64236830515	4.51569154214	3.51853626184
-2.55013249389	4.64893068367	4.51606627246	3.51133264718
-2.55721838161	4.64565089676	4.50309412441	3.58866507977
-2.57389496863	4.6419396226	4.51093814631	3.59968220376
-2.57619721958	4.64069870284	4.61023815125	3.58278481558
-2.57538722875	4.64111248414	4.70050105022	3.55703648947
-2.58178454536	4.64277508257	4.70394591296	3.5660157135
-2.57379724414	4.65023585458	4.7033381144	3.57040480403
-2.57791257462	4.65520474249	4.70835748503	3.59888961315
-2.59101687476	4.65271048662	4.70945385234	3.62109699161
-2.5991622689	4.65271162542	4.71346690848	3.62507952744
-2.59505845491	4.65479911704	4.71177683459	3.62450814445
-2.59888243887	4.65730892511	4.71825031568	3.62935640689
-2.59503339622	4.65897884171	4.71390822829	3.62840728665
-2.60499911974	4.65396277421	4.71641710775	3.62319184063
-2.60581135291	4.65354382447	4.71703035236	3.62766347348
-2.60581135291	4.65354382447	4.71651936978	3.63314376275
-2.60581135291	4.65354382447	4.72054588879	3.62750101212
-2.60581135291	4.65354382447	4.71983261175	3.63148089842
-2.60581135291	4.65354382447	4.72034665947	3.62600047439
-2.60581135291	4.65354382447	4.72063375138	3.62800160484
-2.60581135291	4.65354382447	4.72032927447	3.62699817589
-2.60581135291	4.65354382447	4.72037015107	3.62649988595
-2.60581135291	4.65354382447	4.72067369665	3.62201385784
-2.60935097458	4.65354382447	4.72039298819	3.62654237556
-2.6073609141	4.65858419137	4.71814321994	3.6327776027
-2.60535080075	4.65942235571	4.7177321209	3.61841616745
-2.61755877357	4.65774110516	4.71909765234	3.62288921479
-2.62325609253	4.66027143708	4.72183875129	3.62529621303
-2.62671841493	4.66450319595	4.72017826517	3.63138272361
-2.6277259913	4.66619488112	4.71936455368	3.62864905857
-2.63762146408	4.66111023732	4.72157242157	3.62330898286
-2.63436680272	4.66280739146	4.72113420906	3.62380685518
-2.63950038311	4.66578609167	4.71978720448	3.61266010592
-2.63255465703	4.67300620158	4.72338025024	3.63412447832
-2.6304487124	4.67427658094	4.71900179036	3.62666899064
-2.6350386165	4.6721577515	4.71997840058	3.62619365164
-2.63762418019	4.67343141145	4.72306087613	3.62203980805
-2.63698448972	4.67343172406	4.7201358465	3.62560174555
-2.64011862953	4.67173282916	4.72084855556	3.62697745617
-2.64256440921	4.6704571637	4.72163078946	3.62199864242
-2.64256440921	4.6704571637	4.72141691245	3.62598545457
-2.64093396363	4.67130774963	4.72080813631	3.62448094069
-2.64093396363	4.67130774963	4.71751873306	3.62415068979
-2.64093396363	4.67130774963	4.71765611428	3.62714756354
-2.64494269179	4.67130774963	4.71744539384	3.62416216078
-2.64550275702	4.67429287397	4.72344471623	3.62706096201
-2.64111241868	4.68280854341	4.71902382361	3.62447143882
-2.64333658236	4.68493817712	4.7220952439	3.6176439624
-2.65979138289	4.68279999869	4.71960185718	3.62422245702
-2.67026041007	4.68151051792	4.72095618073	3.61978837007
-2.68291944466	4.68194173543	4.72098049457	3.63475287652
-2.68627368327	4.6854076796	4.72297761389	3.62599660322
-2.69163956388	4.68584175144	4.72313569835	3.62320557823
-2.70482471229	4.68540764983	4.72396544289	3.62710248925
-2.72158548371	4.68277692496	4.72537178165	3.63148832825
-2.73306190708	4.67969180797	4.72709366188	3.62629187004
-2.74790949885	4.67615172803	4.72598623038	3.62186641028
-2.75341666734	4.67570701663	4.72672241284	3.63055328867
-2.78367994222	4.66540313066	4.72897689415	3.63133111
-2.79419340089	4.66269429077	4.72725191669	3.62321738529
-2.81076275944	4.65951818899	4.72870076492	3.62761519966
-2.82056834407	4.65997748695	4.73226957738	3.62608211714
-2.82243852115	4.66089143673	4.73234949238	3.6350617424
-2.82663285716	4.65860541207	4.73279854141	3.61973988097
-2.82419325782	4.65997745717	4.73189307108	3.6321897937
-2.82908473426	4.66181054982	4.7295317383	3.63106086841
-2.81613379657	4.67369873666	4.73060168117	3.63685277303
-2.82151259776	4.67324214024	4.72825220982	3.63814197154
-2.81989448526	4.67963982468	4.73076945461	3.62508540507
-2.82546800464	4.68055449821	4.73077915848	3.62581190472
-2.82821228829	4.68513138173	4.72628519809	3.62893870134
-2.8403669328	4.6823771771	4.72792592411	3.63969626951
-2.83744380682	4.68651799022	4.72985258367	3.63895352629
-2.84204471927	4.68927801116	4.72838392198	3.63349482684
-2.84195167414	4.69204199269	4.72765866816	3.63133061323
-2.8420621696	4.69296278693	4.72972362481	3.62638385879
-2.84987515616	4.69250481331	4.72983007931	3.66526175689
-2.84615899472	4.69712112868	4.72516839562	3.71424843901
-2.85603845039	4.69573435438	4.72220211999	3.75722582565
-2.85611895094	4.6980496807	4.7151960416	3.76470533621
-2.86091841314	4.69897640238	4.71394446025	3.78307180835
-2.86665252372	4.69804927133	4.71686449834	3.80145569567
-2.86555920462	4.70130259554	4.71774392017	3.81235887549
-2.87029291552	4.70130259554	4.71804810974	3.82358289978
-2.87993854478	4.69897162389	4.72004946209	3.81270845504
-2.89038682527	4.69896970356	4.7173602539	3.80039889668
-2.90378749188	4.69850211959	4.71746604755	3.81596535639
-2.90713682772	4.69944562957	4.7174984216	3.82544458
-2.92232480553	4.69707610515	4.71891941192	3.82458913735
-2.93117140992	4.69612573809	4.71907338684	3.81535811836
-2.93953003427	4.69612455464	4.71700615665	3.81740691669
-2.95022080096	4.68990792346	4.71363447831	3.80933120712
-2.94888367715	4.69759050404	4.71026663018	3.83496110778
-2.95142305367	4.69854947277	4.71266850365	3.8499401929
-2.96037143789	4.70095007619	4.71537900951	3.88129897929
-2.97326755658	4.69805582868	4.71293575757	3.91734914341
-2.98144586402	4.69854108435	4.70845933852	3.94338171987
-2.98757707674	4.69902650207	4.70889763387	3.9468533016
-2.9851162909	4.70048281182	4.70723937986	3.95378125448
-2.98843981523	4.69854074941	4.71074425124	3.96565903524
-2.98757707673	4.69902647229	4.71020520504	3.97857486663
-2.98757707673	4.69902647229	4.70987048203	3.97906210415
-2.98839716918	4.69854074941	4.71069193153	3.97809119828
-2.98839716918	4.69854074941	4.70755150329	3.97324732766
-2.98757707673	4.69902647229	4.70652925624	3.97969709416
-2.99172642659	4.70048665992	4.70672000888	3.98032688151
-2.98650403923	4.70340202254	4.70184676094	3.97807902295
-2.98844418908	4.70243080793	4.69912475241	3.96853044829
-2.98680256152	4.70340212674	4.69814193858	3.98346451289
-2.98680256152	4.70340212674	4.69857883832	3.97799373231
-2.98680256152	4.70340212674	4.69874439351	3.9760046988
-2.98762341768	4.70291653897	4.69886920374	3.9805009351
-2.98762341768	4.70291653897	4.69846088571	3.98697139727
-2.98762341768	4.70291653897	4.69890180763	3.98699163464
-2.98756777411	4.70729337788	4.69216266624	4.02970644157
-2.97852529706	4.71262684598	4.68799339839	4.06297817844
-2.98202788527	4.71068929268	4.68404098089	4.07769988266
-2.98132766	4.71311091268	4.68624343893	4.0924676368
-2.9833120202	4.71553724253	4.68487639826	4.09400352854
-2.98700287365	4.71942053411	4.68351702867	4.09672360368
-2.9879567242	4.72039216751	4.68684391977	4.08828259355
-2.99726131427	4.71698900202	4.68886480662	4.09190983536
-2.99576243399	4.72186535318	4.68976959319	4.1034404147
-3.00416370459	4.72186417717	4.60539434345	4.08736404874
-2.9989416613	4.72968099928	4.69081709766	4.10267836393
-3.01734118826	4.72624744332	4.68938598888	4.09898982947
-3.04285305839	4.71835339605	4.69027274803	4.1055632499
-3.05226148107	4.71735980172	4.69134262862	4.10487940881
-3.0629144934	4.71436958615	4.68938563045	4.10574512391
-3.08023348144	4.70886062723	4.69250562472	4.10865776198
-3.08533359541	4.70584692976	4.69425534536	4.10041385794
-3.09264799371	4.70483882775	4.59941589852	4.1114094799
-3.09576130274	4.70282184185	4.60178652149	4.10305455577
-3.10041919662	4.70635900159	4.51814551502	4.08608748637
-3.11151826334	4.70585076298	4.60946328091	4.09930929981
-3.10678449231	4.71498988308	4.52067359191	4.09735845819
-3.10722341267	4.72106950288	4.51871266737	4.08870393864
-3.11194337206	4.72157693212	4.52594893154	4.09073742334
-3.09580551146	4.73778010093	4.51755524768	4.10962065166
-3.11136255605	4.73271868223	4.52418481676	4.09530474121
-3.11218852702	4.7322113542	4.52138293432	4.08239306459
-3.09531492861	4.7458870409	4.53108060571	4.08000471384
-3.10094038088	4.74235252244	4.53264730745	4.07573459105
-3.10172538738	4.74184702071	4.52481762829	4.08702731515
-3.10503511492	4.73982356949	4.52450748335	4.09203755887
-3.10981075467	4.74236030051	4.53240569471	4.0815669384
-3.11163451242	4.743882861	4.53370741395	4.07903353512
-3.12701910278	4.73523385958	4.52467665579	4.09916002108
-3.12975394101	4.73370311095	4.52408549714	4.11050250639
-3.13053743746	4.73319258044	4.62473842266	4.06789516099
-3.13456194411	4.73268134751	4.70700442848	4.09214809726
-3.13608648154	4.7357533702	4.71531856133	4.08923772392
-3.1155618364	4.75207974002	4.70897867054	4.08853691102
-3.12743961223	4.74800592842	4.71074830657	4.09533591637
-3.14063371401	4.74391335545	4.71245973771	4.09646956356
-3.14695536216	4.74237360137	4.71386461421	4.09486758592
-3.15922111421	4.74031386948	4.63211957892	4.07485407743
-3.17267850364	4.74344085831	4.71618446401	4.09815520399
-3.16106197463	4.75792654739	4.71116409173	4.11409818278
-3.15678304792	4.76256808854	4.70998619083	4.10330064856
-3.16558464107	4.75895728415	4.71034985889	4.10978298009
-3.17055386323	4.75947416935	4.7104226688	4.11109976401
-3.17498905174	4.75947369299	4.70792138713	4.11370004649
-3.17241129806	4.76102807847	4.70749578361	4.107617878
-3.17718619059	4.75999087978	4.70445647042	4.12030996437
-3.18458605468	4.76050661159	4.70482142661	4.12057944405
-3.19780761008	4.76154214325	4.69971068997	4.1162904341
-3.20767406873	4.75787878478	4.7016208502	4.10596711232
-3.21182495738	4.75525664601	4.69948034199	4.11456554632
-3.21564887517	4.75788656286	4.69792593168	4.13344275139
-3.21806153361	4.75946411367	4.6932346727	4.16877085871
-3.21776301126	4.75946426997	4.6952908778	4.18678859509
-3.222256448	4.75683320724	4.69922146738	4.24320960711
-3.22142617803	4.75735974538	4.69538501605	4.27671008614
-3.22142617803	4.75735974538	4.69112799998	4.29421071157
-3.2264130175	4.7563065242	4.6869835591	4.30953330563
-3.23122890463	4.75525037144	4.68996196669	4.30558140675
-3.22707801407	4.75788944336	4.69242939532	4.325966114
-3.23655965898	4.75524735697	4.69399395737	4.32337661689
-3.24749856495	4.74994871975	4.69521307708	4.33105642204
-3.24883437403	4.75313882127	4.69838594709	4.30729182138
-3.25409301745	4.75738943604	4.69311276051	4.33021386815
-3.2642139053	4.75472157908	4.69471796373	4.32477104429
-3.28578930205	4.74882118877	4.69452956725	4.32747810801
-3.31412624492	4.74179510121	4.69090007468	4.34433536692
-3.32407058037	4.74288109204	4.69119106245	4.34346957533
-3.33682154373	4.73742299488	4.69158925475	4.3197510058
-3.33786156253	4.73687630931	4.69138484826	4.31845305395
-3.336288434	4.74618790687	4.68714455662	4.34971329535
-3.33830496118	4.74837652337	4.68769495706	4.34359857435
-3.34401581239	4.75221406574	4.69241813752	4.34091466446
-3.35084713291	4.75441039031	4.69594125995	4.32856168826
-3.36162862672	4.75220811123	4.69713140129	4.36053344445
-3.37370879374	4.75553533122	4.70214578536	4.40901469156
-3.39457917806	4.74887038778	4.69445318274	4.43726403358
-3.40595818043	4.7438489333	4.6960042573	4.45722371736
-3.41647636358	4.73881342181	4.70085097845	4.45774062824
-3.40992600289	4.74777895795	4.70296799258	4.47153975521
-3.40049038543	4.75559498034	4.70741409545	4.47340670938
-3.41214055816	4.75168026619	4.70855528629	4.47229552917
-3.41484231532	4.75616259255	4.70387609524	4.47175287139
-3.43328824185	4.75054195495	4.70659697297	4.46902274535
-3.44359197933	4.7471531129	4.70793939625	4.46990585553
-3.45557428891	4.74035553521	4.70758475541	4.47966757809
-3.45805588757	4.73865288877	4.62481727779	4.47889480832
-3.45744560144	4.74604006395	4.61048759534	4.46987304719
-3.45706083732	4.75001674979	4.61229307907	4.47654070649
-3.464343565	4.75286064008	4.52761200805	4.48299121761
-3.48242990103	4.74886430669	4.52956606256	4.47698279034
-3.48688912734	4.74943717674	4.53025498849	4.4752807791
-3.46693971945	4.77057399199	4.51994675935	4.4979278248
-3.45728564075	4.7813817661	4.52209590995	4.50730547022
-3.42868467307	4.80059590707	4.5247246603	4.46885315739
-3.43593658166	4.80229380253	4.51367261012	4.50227675641
-3.39437458819	4.83538067341	4.51507767244	4.49885675536
-3.35845788109	4.86362382503	4.51629554027	4.49372883785
-3.36727300365	4.8619684539	4.51680167996	4.46992652085
-3.39197397027	4.84977291693	4.52484692368	4.47752385073
-3.37438736272	4.86698213998	4.52413029849	4.48787034651
-3.34309934191	4.89287188053	4.52174444395	4.48878046672
-3.32512127497	4.90817205433	4.52671011913	4.48356245227
-3.31147374382	4.92230738887	4.52389093666	4.47750383028
-3.30670165362	4.92881510495	4.52855450111	4.47760366434
-3.27438912718	4.95252676486	4.52564714641	4.48085131457
-3.25790643424	4.96267785391	4.52746013879	4.47028483923
-3.2711016277	4.95840776607	4.52792866735	4.47729995624
-3.27897907735	4.95519142028	4.51279810909	4.5036269448
-3.32279895383	4.93032102526	4.52542350502	4.47951492433
-3.32279895383	4.93032102526	4.53148947345	4.47674591761
-3.3201849969	4.93685771295	4.52246432784	4.50182713443
-3.29981731662	4.95203928544	4.53042133965	4.4902783487
-3.25318973707	4.98475656035	4.52833810976	4.49110630866
-3.23120730458	5.00119645963	4.53489141474	4.47609406093
-3.22496968555	5.0080589822	4.53375271686	4.4729246196
-3.23526775629	5.00646369037	4.53029222693	4.4837957358
-3.25428817391	4.99744107201	4.5295050594	4.47907560618
-3.28554672343	4.98084982155	4.5303294287	4.4788199926
-3.29683997412	4.97384746796	4.53546406508	4.48064840053
-3.30235644592	4.97330736984	4.53176996875	4.50401195672
-3.25038623641	5.00924240582	4.52804784721	4.50262670983
-3.2245978285	5.02671731965	4.53566247263	4.50226585619
-3.20562989263	5.042997316	4.52478298319	4.51116090755
-3.21843573073	5.03774555406	4.52477621681	4.52774611028
-3.21468905352	5.04510763157	4.52884189138	4.52977188218
-3.19041671447	5.06501181543	4.5286225281	4.55000461377
-3.17609227566	5.07801032801	4.52852962059	4.56005548477
-3.17407401615	5.08216089002	4.5246041811	4.56462658577
-3.17726827409	5.08735054351	4.51676663161	4.60760271736
-3.17612556166	5.09098425672	4.50953149415	4.64970802825
-3.17615468255	5.09669346214	4.5041570701	4.69274539367
-3.16573577506	5.1086099211	4.50093480509	4.72524619121
-3.16966311225	5.10912743024	4.50343631571	4.71742278287
-3.20407549637	5.09559552533	4.51444429205	4.72011225771
-3.20064138607	5.10135323903	4.51246016276	4.72112234555
-3.20420592961	5.10397109865	4.51254158203	4.717602983
-3.19605208737	5.11443527409	4.50736450574	4.72187606646
-3.19389765759	5.11861355065	4.50764272353	4.7319027022
-3.18778087762	5.12747546339	4.50652665999	4.72773288211
-3.21354528293	5.11596538886	4.50703131467	4.71360853546
-3.22884074964	5.11333938945	4.51453518034	4.72309267293
-3.24312990415	5.10751601516	4.51143962973	4.71986244246
-3.26499726355	5.09740583621	4.50999209077	4.73828097191
-3.28680348516	5.08828747794	4.50636149334	4.75628324507
-3.30299757867	5.08181198374	4.50840460255	4.76127614126
-3.31704578188	5.07531241187	4.51566648354	4.76026849796
-3.32913964658	5.07204360214	4.51024677994	4.77498971602
-3.35679742164	5.05889309836	4.50610354131	4.79637425516
-3.37501950144	5.04730829786	4.50634487705	4.81988265055
-3.37791770742	5.0456476091	4.50467420486	4.846450829
-3.3752753777	5.0473082532	4.59506143577	4.88332555217
-3.38107351465	5.04564821943	4.60455884297	4.86600937503
-3.38680297129	5.04620362567	4.59972126432	4.86924276265
-3.38801326118	5.05009019367	4.59000472171	4.91002009866
-3.40157328609	5.04674722968	4.59851700059	4.87743425131
-3.40609491201	5.04842341555	4.6027872021	4.86268614492
-3.42859056216	5.04281332755	4.59986112474	4.8702313104
-3.43468894648	5.04281332755	4.59671807337	4.89790922924
-3.45039427817	5.04167899951	4.51626355956	4.89171545742
-3.46729145935	5.03599534874	4.51881918984	4.89426502291
-3.47440514506	5.03143530399	4.5129640889	4.92165638281
-3.47712444222	5.02972271318	4.51945268602	4.92287233463
-3.47787430647	5.02915156546	4.52553050559	4.92781071774
-3.47442254811	5.03486544991	4.52599620346	4.93149959375
-3.4700493903	5.0399977137	4.52008946502	4.93786841823
-3.47665952714	5.0399977137	4.52947596431	4.95496737154
-3.46615393381	5.04741020911	4.50495226979	5.0396390246
-3.47060003386	5.04456235667	4.51739445945	5.05855154286
-3.47287859689	5.05027356988	4.52688622824	5.06086866007
-3.46484862743	5.05882516019	4.53008228701	5.06310599993
-3.44350475264	5.07755413164	4.53260477623	5.05022581051
-3.44030033053	5.0798138118	4.51592650205	5.10867017549
-3.43551197044	5.08772481021	4.51432326764	5.06850398737
-3.4288246263	5.09166743264	4.51392483064	5.06394103802
-3.4297132408	5.09110469155	4.51835880723	5.05979698761
-3.4270471027	5.0927924495	4.51555671348	5.04848082824
-3.4288246263	5.09166743264	4.51122094038	5.05970619472
-3.4270471027	5.0927924495	4.51260235497	5.04679395836
-3.42944193902	5.09335529836	4.51579786051	5.04476928403
-3.431392825	5.09617279737	4.51143798187	5.07184036882
-3.44670692569	5.09278367404	4.51840817196	5.06050083393
-3.47366707306	5.08084361096	4.51780714451	5.07938316253
-3.49219675579	5.0768389914	4.51794928922	5.09335826533
-3.52345959033	5.06529689405	4.51684259311	5.11218369707
-3.54513993722	5.05599294103	4.50878799599	5.14530560052
-3.57141018325	5.04369390566	4.51073801156	5.17403412296
-3.59366970543	5.03425488329	4.50681753242	5.20360081958
-3.6181999753	5.0259383298	4.50235146013	5.26672899351
-3.65112074708	5.01155753295	4.51194219115	5.26038583369
-3.67386463854	5.00129168475	4.5147878343	5.27373840192
-3.68916935371	4.99340764822	4.51125202767	5.28701233402
-3.69971557888	4.99157548927	4.50725184347	5.28291344777
-3.71999528253	4.98178097942	4.49908507872	5.28634155704
-3.72516761709	4.97809739873	4.50695118683	5.26389447102
-3.7332206906	4.97502098763	4.5090169795	5.26035603984
-3.75668139159	4.96573560447	4.49807838867	5.29177912952
-3.76576315573	4.96387309444	4.49903126345	5.29239597399
-3.78836047573	4.95575835109	4.50901670739	5.28482241281
-3.81987700772	4.94067409149	4.5088569897	5.29330163077
-3.83041350231	4.93751220184	4.51279463412	5.28146816929
-3.84468487349	4.92863349602	4.51265344424	5.29776298765
-3.84382460924	4.92926866579	4.51612076442	5.29854297807
-3.8518847116	4.92926857648	4.52231086377	5.30374957989
-3.85773364192	4.92480947793	4.518167597	5.32510219093
-3.8545078166	4.92735851559	4.51991425439	5.30994770068
-3.86191295424	4.92480944816	4.51771972353	5.33730529404
-3.87963981881	4.91712429901	4.51245929422	5.3999377829
-3.88417063395	4.9158418441	4.51352798367	5.42779440325
-3.89184181037	4.91648487325	4.51343817979	5.46275067075
-3.91321873517	4.90873519877	4.51774223086	5.45981803188
-3.93039493268	4.90224336693	4.51933262083	5.47820850261
-3.93193532727	4.90094274946	4.51064435781	5.51648565251
-3.93279064638	4.9002922019	4.51715523138	5.46337187772
-3.93773518877	4.90094137993	4.50802769052	5.49704232152
-3.94412958369	4.90159356455	4.51038099493	5.47220213687
-3.95561278586	4.89832302823	4.50458552128	5.49909347444
-3.98215429927	4.88322018237	4.51253086974	5.4737207401
-3.99855706285	4.87528567354	4.5210319349	5.4492760573
-4.00844666518	4.87395579394	4.51198520246	5.48482621812
-4.02041157321	4.86929802452	4.5205993585	5.45017932917
-4.01958155458	4.87529377912	4.51731239031	5.46318352107
-4.02391989003	4.87196299835	4.51521052273	5.47204586399
-4.03436273186	4.87062768949	4.52108571548	5.46878168254
-4.05925494565	4.8605528181	4.52676791586	5.47310640867
-4.07002507696	4.85785761106	4.52605363389	5.4819280676
-4.08734949859	4.85379242359	4.52404671159	5.48461195822
-4.10396043212	4.84699833802	4.5200188382	5.48168224402
-4.12178782921	4.8360843712	4.52739637463	5.48718657067
-4.12864491764	4.83539963963	4.536586908	5.4817560063
-4.14374736217	4.83264704129	4.52730674521	5.50648207845
-4.15821007609	4.82437837207	4.52105715455	5.49815153727
-4.16991368574	4.81539511749	4.5130863858	5.54824132217
-4.17147365119	4.81678276259	4.50280793284	5.62360692507
-4.18156072812	4.81331439192	4.49693300318	5.63956095441
-4.19605386264	4.80635753875	4.51661412062	5.69364240964
-4.19488763642	4.80774982828	4.521773088	5.71233313104
-4.19258298788	4.80983838107	4.52159155996	5.67859725969
-4.2055498125	4.80565492585	4.51074904985	5.66239821412
-4.19899825837	4.81542620746	4.50991161243	5.67633353274
-4.21217089326	4.81053145883	4.50620493124	5.66403909686
-4.22985801635	4.80561549213	4.50954510973	5.67176517256
-4.24629935611	4.79857214545	4.50671568126	5.64874422293
-4.25867339891	4.79503747915	4.50362365527	5.65984548697
-4.28072550636	4.78793645035	4.50198854628	5.67410578843
-4.31504253575	4.77578937232	4.50466039216	5.66962754755
-4.32827215931	4.77147593243	4.50277098254	5.67334959598
-4.34716978227	4.76570124743	4.51100086163	5.66878477146
-4.35789521525	4.76352781437	4.50975577908	5.66354816434
-4.37520599492	4.75916768241	4.51096266562	5.67402712823
-4.3826486324	4.75989689214	4.51340680197	5.66603294263
-4.38768320268	4.76281740177	4.60384187155	5.71978853122
-4.38371404633	4.77011432252	4.51230050941	5.69521391186
-4.39159876769	4.77303192632	4.5205288722	5.68053930247
-4.40690553548	4.77449310115	4.59809438934	5.79476937493
-4.41293424878	4.77669631051	4.59740412121	5.8321009117
-4.42365757171	4.77743066827	4.60531047083	5.84998066047
-4.43771552698	4.77521609054	4.61793386637	5.8390707667
-4.45397555414	4.76780852936	4.61706085433	5.83940778735
-4.4716519649	4.76111948032	4.53736575876	5.88270343543
-4.48228968972	4.7588808915	4.62220548992	5.81937464998
-4.50431609297	4.74989414347	4.61783623367	5.80206471766
-4.52413924595	4.74312105492	4.59213774011	5.71909832938
-4.55404867621	4.73480855539	4.58493587072	5.86260313815
-4.56814606278	4.72948332144	4.55567960143	5.86533559642
-4.58050233782	4.72566820429	4.56105167235	5.87578212315
-4.58721112614	4.7271978078	4.54988847627	5.86734041922
-4.60267763558	4.72106336822	4.4549703817	5.80413925137
-4.60449591379	4.71952794199	4.51652415117	5.85850611686
-4.61096593072	4.72260613869	4.49584794653	5.91019484404
-4.60576753236	4.73337008693	4.40288435923	5.80627063215
-4.61099281057	4.74029285254	4.34783821151	5.84174188638
-4.62560754292	4.74644638623	4.30611677205	5.84145504472
-4.63158409273	4.7479918448	4.30360649236	5.8406784807
-4.63572022118	4.75495344788	4.20293080684	5.88620749203
-4.63329966281	4.76268953889	4.32960075651	5.80682708899
-4.63268708708	4.77660501977	4.33741078305	5.7470457119
-4.63395157622	4.78124562778	4.31521870281	5.75433278597
-4.62842381478	4.79748223353	4.24389676915	5.87589085294
-4.6136294904	4.8221596642	4.28984628181	5.94367489738
-4.60961869194	4.8313952657	4.19724094545	5.8652061736
-4.61352904027	4.85062137747	4.21627434636	5.97237048146
-4.59893806933	4.87137367545	4.2317985189	5.93763970054
-4.59734034568	4.88057844406	4.22067519438	5.93395600174
-4.60334246358	4.87520849479	4.21779071593	5.927398291
-4.59329249439	4.88979000605	4.14496220824	5.83740480223
-4.60054148166	4.8828915325	4.1385260597	5.84745024779
-4.60791758817	4.88135539067	4.13977014639	5.84722285716
-4.58012458318	4.91278351948	4.12806489962	5.86765430075
-4.5739007471	4.92421311305	4.11371494773	5.84815270185
-4.55711674354	4.94248549685	4.09250477734	5.86453011228
-4.53949656869	4.9576459171	4.05162375962	5.86478022271
-4.5323268498	4.9742910381	4.06774359715	5.78060837433
-4.50847013123	5.00066425746	4.06635871637	5.78613654716
-4.4773615131	5.03361093389	4.06112930063	5.7881807297
-4.42964606009	5.08035634438	4.04696658754	5.7852040477
-4.43690603935	5.07445243723	4.04782856111	5.78758807517
-4.42217037825	5.09585967467	4.01700427036	5.8391808781
-4.39910059254	5.11862675243	4.03819357928	5.80694572161
-4.35874650611	5.15579183014	4.04322145126	5.79845327201
-4.35118574971	5.16883878187	4.04320654129	5.79844606582
-4.32280375108	5.19771067332	4.04212278708	5.80325308021
-4.32273186569	5.20201890476	4.04120740038	5.80552182769
-4.31073198314	5.2163823639	4.02298587897	5.8375600856
-4.26565164465	5.25486930839	4.02826600403	5.81484425923
-4.25773743854	5.26762452621	4.0282053365	5.80509167535
-4.22878214655	5.29299262338	4.00285026041	5.79778097984
-4.23273345747	5.29651089952	3.95779599963	5.86344399727
-4.17601836593	5.34818745407	3.91293113196	5.87201977957
-4.14839255672	5.37375651536	3.88333867737	5.87564400252
-4.11536763633	5.40393174674	3.87009742088	5.86279050203
-4.10020523448	5.42369645922	3.86607151161	5.86218882186
-4.082488233	5.44474523273	3.84503237856	5.89146057216
-4.04442195718	5.47843746656	3.84652667443	5.87731915434
-4.01426706303	5.50648641764	3.82799272136	5.87733444589
-4.00514416343	5.51711992008	3.80876868326	5.86946659931
-3.98365322223	5.54028633228	3.80224939801	5.80226158159
-3.95306447441	5.56921234702	3.80280369462	5.80228569965
-3.93394884097	5.58749473006	3.79380624771	5.80772924796
-3.91393624316	5.60633051582	3.79348898394	5.80185383489
-3.87782852002	5.63985557472	3.78582256704	5.81696617826
-3.85760748026	5.65713083098	3.78383715987	5.81383394497
-3.80085825572	5.70271463809	3.78001370375	5.81081446013
-3.77830246577	5.72087394934	3.77796909835	5.81321091571
-3.72818997537	5.75992647038	3.76884375566	5.82110744492
-3.7025624759	5.78076724414	3.76376718665	5.82345593943
-3.66067629389	5.8135673245	3.76262053277	5.82631472938
-3.62131529272	5.84177560504	3.76031300956	5.82476283195
-3.58539618896	5.86489853955	3.7462089178	5.81622906237
-3.58850854759	5.86667094459	3.7440210701	5.81743693053
-3.51460782844	5.91460515039	3.7175009185	5.81790718568
-3.46743149595	5.94502515139	3.66203058968	5.84071430534
-3.38872465054	5.99512495904	3.67045591252	5.81975568405
-3.37601573001	6.00511661641	3.60249905074	5.898033986
-3.32559257469	6.03864992793	3.58013598167	5.92574346659
-3.27295512167	6.06945697973	3.58488567713	5.92052633861
-3.20156018208	6.11077737425	3.59728854306	5.89815779563
-3.16697932462	6.13055665219	3.59135310756	5.90410367138
-3.10414275948	6.16639523616	3.57112066595	5.92220086425
-3.06440808503	6.19053982735	3.55382896714	5.93562873715
-3.01738022581	6.21580537867	3.55883454012	5.93064483352
-2.95699858161	6.24837187875	3.61595951969	5.86698405809
-2.91199077593	6.27173953136	3.61492386111	5.86765924303
-2.86010157022	6.29937758253	3.61230302764	5.87029394912
-2.83661333555	6.31184880457	3.61232460632	5.87057326467
-2.77312011581	6.34320046687	3.59765043104	5.87962372377
-2.72063034289	6.36940809875	3.60313884464	5.86781421742
-2.69604104012	6.38165777656	3.60345235539	5.86414500993
-2.61390927561	6.41890348056	3.58398868333	5.86457661966
-2.58450406932	6.43229338969	3.5757871739	5.85415605832
-2.50721701111	6.46583933951	3.50395939666	5.87121377151
-2.47319841946	6.4802186707	3.47655205196	5.85296956221
-2.41485820209	6.50487590166	3.39823199578	5.9095692912
-2.33809533914	6.53485622503	3.3422307166	5.90865994552
-2.31164497533	6.5456027114	3.31369628735	5.91974863166
-2.22511336295	6.57770608239	3.3126984563	5.91861562059
-2.18456199268	6.59273527957	3.30592879143	5.9193088273
-2.14283101145	6.60779930302	3.29952296464	5.92549252972
-2.08711122527	6.62649433402	3.28267667214	5.94243939172
-2.00779750265	6.65226614819	3.27704311598	5.92630837124
-1.92688097463	6.67723446008	3.24720192118	5.92911932694
-1.89059154264	6.68825891648	3.27401412858	5.85759562726
-1.81776022697	6.70960576018	3.26879910873	5.85661949652
-1.73726537915	6.73214706175	3.26438296672	5.85459622979
-1.68993919728	6.74481053711	3.15760021517	5.92818658553
-1.62964705185	6.76032484468	3.15131636137	5.92416411034
-1.60012864031	6.76797224189	3.17131784211	5.92326496772
-1.52883114668	6.78510133813	3.25566762028	5.86230182927
-1.46454434294	6.79910978522	3.13267104092	5.9466276862
-1.38929807265	6.81514832265	3.11417286462	6.04187799724
-1.3093355227	6.83097604459	3.12350849316	6.03014148784
-1.26750703528	6.83950671041	3.09171349729	6.05057473271
-1.21353454623	6.84911254039	3.0916719579	6.04857786791
-1.15968873411	6.85821933296	3.08727646484	6.03986964965
-1.0975654285	6.86858203604	3.09951470489	5.94192468384
-1.019551361	6.88010627672	3.08600912026	5.92591460772
-0.962895009954	6.88768198706	3.06576390859	5.92791604609
-0.909949094016	6.8943470785	3.07151655603	5.92929579104
-0.806234620971	6.90580233934	3.06456117266	5.92661929168
-0.755311346222	6.91065506975	3.06959404939	5.93093451778
-0.638008090892	6.92024086347	3.06326418596	5.91942497444
-0.598100852685	6.92307697589	3.06381950136	5.92181480697
-0.509683547335	6.92830426006	3.04209527777	5.92206426969
-0.445500367462	6.9312374596	3.02454543083	5.91405245291
-0.358583112924	6.93424537265	2.99206019997	5.90411492262
-0.296946663753	6.93557986046	3.03090514644	5.85601143164
-0.264462221136	6.93603738008	3.06375164971	5.8520297433
-0.177464673861	6.93631236341	3.0261344047	5.85935502785
-0.142527927278	6.93608477226	3.04829600261	5.83837794444
-0.13372544209	6.93593346495	3.04989777962	5.84940160198
-0.0972920928487	6.93542576056	3.09717660368	5.7964452455
-0.0766006261006	6.93494980623	3.09003283154	5.80147925157
0.0152992107923	6.93249076272	3.09217032332	5.79834842751
0.0447398020549	6.93133759393	3.08546163054	5.79388961782
0.0681731581706	6.93016861655	3.07791524863	5.79576732284
0.0952501192687	6.92906682091	3.08736616402	5.79414292012
0.0988688879941	6.92864299702	3.08245462374	5.79332362601
0.112019868273	6.92767978666	3.08097387294	5.79741378546
0.150751580363	6.92546029846	3.09563596409	5.7995292349
0.185217383998	6.92293814767	3.07780112486	5.79793647404
0.195735243782	6.92197963156	3.07631478607	5.80103222759
0.218043154411	6.91998182959	3.0675311344	5.79818454968
0.23730246914	6.91818045973	3.06346417575	5.80035515464
0.264337978298	6.915885135	3.06581880315	5.7987180154
0.284637916656	6.91420396147	3.06359244033	5.79630795116
0.28129418365	6.91403463401	3.06172163639	5.80162419244
0.376164363303	6.90624666662	3.05471039172	5.79868938244
0.412359900062	6.90310881862	3.05314585091	5.79612986734
0.407455178839	6.90353807532	3.03902877135	5.79297238373
0.405087998227	6.9037514568	3.0446740544	5.79300790934
0.399063107005	6.90428123019	3.03413895502	5.79182420073
0.399063107005	6.90428123019	3.04436379366	5.78892954347
0.405087998227	6.9037514568	3.02849776756	5.79316693057
0.393540955516	6.90406698195	3.02541186849	5.79623992884
0.417754395561	6.90203968462	3.03011207677	5.79244276917
0.432038033141	6.90072040282	3.02065367887	5.79256595522
0.429671834585	6.90094236551	3.01766111499	5.79344277755
0.427677813257	6.90083148927	3.01246836658	5.79468456758
0.435785327899	6.89939344843	3.0209442716	5.79578167727
0.48609954296	6.89383803184	3.00971407802	5.79446671719
0.507625790313	6.89163326439	3.02224495424	5.79288642775
0.505177467078	6.89188158296	3.02509910448	5.79133023579
0.501739373289	6.89225257559	3.01970946604	5.79473527724
0.496927501438	6.89274429311	3.02702245719	5.79415205399
0.501739373289	6.89225257559	3.02489087407	5.79197928702
0.504145180189	6.89200545712	3.02692790151	5.79037451035
0.501739373289	6.89225257559	3.02919682171	5.79157459825
0.501739373289	6.89225257559	3.02255563881	5.79378708485
0.501739373289	6.89225257559	3.01832295504	5.79622701095
0.501739373289	6.89225257559	3.02781036726	5.79306631311
0.501739373289	6.89225257559	3.02310329308	5.79566428069
0.501739373289	6.89225257559	3.0054257214	5.7941816224
0.501739373289	6.89225257559	3.01562749359	5.79033916111
0.501739373289	6.89225257559	3.02390549721	5.79127775471
0.501739373289	6.89225257559	3.03142527436	5.79753718764
0.496996815861	6.89237581991	3.03187963177	5.7957790895
0.49712612851	6.89176572354	3.03113725879	5.79681650269
0.514440562804	6.88929436961	3.08665359676	5.80508238164
0.513177776585	6.88904224464	3.12023542565	5.81104328965
0.504546681421	6.88929034287	3.1369461506	5.81353874668
0.432625569559	6.89573452053	3.16323883503	5.81925142123
0.403344788351	6.89746656547	3.16518438548	5.82045399082
0.34142485577	6.90249748963	3.15942203689	5.82368557931
0.343748956504	6.90230636062	3.18425145887	5.8129755143
0.336584426924	6.90229892493	3.1530425253	5.81642204804
0.259991291669	6.90737942991	3.15474525581	5.8288270228
0.201133479036	6.91071211853	3.14689665902	5.82188671615
0.136486961273	6.91382609936	3.17699792264	5.81076055064
0.105109604929	6.91530468391	3.15259416817	5.81759764568
0.102695689375	6.91541251128	3.14264640791	5.8224477478
0.0615193953627	6.91679676992	3.13486606859	5.8345896897
0.0769565337727	6.91617438714	3.1197931242	5.82082526631
0.0817848652572	6.91597585893	3.14911995794	5.80182482824
0.0769565337727	6.91617438714	3.12156354849	5.80601745754
0.0793707168398	6.91607554439	3.03548212007	5.81017525694
0.0793707168398	6.91607554439	3.03480402864	5.79149477169
0.0762315510218	6.91617438714	2.98383716974	5.80615392465
0.0687258472485	6.91617438714	2.97372223009	5.80466835317
0.0706893269791	6.91570276946	2.94839638886	5.80524573869
0.0721145177586	6.91532060574	2.94786436006	5.80514918572
0.0672866460836	6.91551238293	2.93889324497	5.80174067281
0.0589616674151	6.91569773045	2.91579867166	5.80683889741
0.0726094694349	6.91476493216	2.92911715682	5.80915191364
0.113132847125	6.9128070461	2.9364009998	5.82134859707
0.200071146675	6.90753432732	2.9383189161	5.81432322641
0.227874658069	6.90535425096	2.88617231086	5.82396302312
0.307916238682	6.89912765884	2.92685388788	5.82007765311
0.355167689237	6.89502923458	2.88187281822	5.83292509691
0.479201900449	6.88314065193	2.91922239191	5.81313429582
0.480403224694	6.88302113134	2.91326702824	5.81541713613
0.484326584091	6.88159696908	2.8826768669	5.82679778402
0.523298895525	6.87690913935	2.91220282429	5.82056274463
0.558592990473	6.87249891688	2.87933731074	5.83175961492
0.620760732258	6.86392987331	2.9035643273	5.82283546868
0.670909762215	6.85623633242	2.88662179527	5.82791551685
0.754608943393	6.84456361934	2.91006651806	5.81750351655
0.783270881977	6.84048398341	2.90556158508	5.81971968832
0.848004203992	6.82810131791	2.71726669418	5.84703261646
0.934612848745	6.8124576064	2.89056792389	5.82377151591
1.01336767639	6.79704981368	2.88730722603	5.82221754956
1.03555940662	6.79191297103	2.87812653818	5.82604436201
1.10099342922	6.77707032899	2.86157761445	5.82753260852
1.16259160816	6.76379994142	2.88358299163	5.82817537954
1.2534071595	6.74238479461	2.88281760327	5.82281400671
1.32690909682	6.72337295102	2.74930232729	5.84564784793
1.34996176096	6.71665210962	2.85086684087	5.83084358344
1.44474440353	6.69068704717	2.69125138044	5.84790140966
1.48656637073	6.6787535514	2.87502118624	5.82496846665
1.58011884582	6.6505819442	2.8608984815	5.82068649004
1.63000755531	6.63574690424	2.87180541114	5.82237977611
1.65770183511	6.62800223495	2.86648904799	5.81804415178
1.65307416308	6.62930103084	2.86702140544	5.81854006904
1.64613095774	6.63124316628	2.69483829523	5.84649337958
1.67633443866	6.6192317014	2.86047764092	5.81888316658
1.72545315555	6.60295431092	2.84542641967	5.82556492322
1.79361060122	6.57898867848	2.85057659307	5.8222405133
1.81619941201	6.5702321042	2.85655638093	5.82052304342
1.88141940283	6.54801903055	2.85706265805	5.81320169927
1.90090920191	6.53816520886	2.84014362038	5.82013662397
1.96462588198	6.5150536826	2.81416905092	5.82847475017
2.05750189732	6.48067778043	2.81821494984	5.82752098291
2.08187510931	6.4699474086	2.81845518	5.82422688889
2.1067386196	6.46030959002	2.81071366611	5.82438367003
2.22752015075	6.41155408099	2.62410644064	5.83930016041
2.22660225152	6.41070785566	2.81183417007	5.81980828538
2.20861818884	6.41535349016	2.8114796608	5.82509796354
2.23525835363	6.40308055205	2.55370947235	5.85389825942
2.30067603529	6.37327190504	2.79001045651	5.82494916369
2.29956365134	6.37370913094	2.79255465402	5.82520281246
2.2984511911	6.37414616268	2.79585983786	5.8267492604
2.2984511911	6.37414616268	2.78837983918	5.82958649129
2.3259477915	6.36141833178	2.78661886989	5.82566312186
2.37892372777	6.33734504901	2.78324266227	5.82570524886
2.37781761305	6.33779593225	2.78715630962	5.82805075899
