-0.204957354008	6.69882219815e-08	1.04363833092	-0.0371593449883
-0.204957354008	6.69882219815e-08	1.04610803172	-0.0367713166091
-0.206023505085	2.45623561316e-07	1.04771747744	-0.0355188738624
-0.229052363449	-1.5667805917e-05	1.02565589616	-0.0335206258348
-0.239584892284	-0.000269193269463	1.0343380126	-0.032443084033
-0.256381192475	-0.000819809046145	1.03022998975	-0.0311052989546
-0.273823416182	-0.000805138622831	1.02650137377	-0.0340559827778
-0.28942451233	-0.001361046183	1.02665309438	-0.029295995545
-0.310024089322	-0.00317038448391	1.03515427439	-0.0406129136573
-0.320836670929	-0.00381739467475	1.02870878168	-0.0322407834533
-0.344901881836	-0.0046378814356	1.05853501095	-0.0353818192235
-0.356375275324	-0.00459705500142	1.09769489951	-0.0415635549188
-0.384184657054	-0.00231678211659	1.1133543127	-0.0507420586726
-0.391604660551	-0.00235073523315	1.12610298383	-0.059724528141
-0.390326875131	-0.0022210406066	1.1501858258	-0.0752361628279
-0.413314589222	-0.00209586288067	1.21039678556	-0.0773991717998
-0.426340389171	-0.00385908412767	1.17603619386	-0.160766532255
-0.432222769082	-0.00596117548262	1.16381284311	-0.149437481595
-0.455289209562	-0.0110110341787	1.17742530646	-0.169836786606
-0.478821017645	-0.0147205755663	1.209542359	-0.171557970439
-0.494544122804	-0.0157899822476	1.24276354122	-0.166420715691
-0.50867336872	-0.0205248508721	1.29894600151	-0.171975300972
-0.527299908867	-0.0242662603983	1.42101339265	-0.0907672604727
-0.546906735528	-0.0255615883378	1.43972116651	-0.0233599031336
-0.554723508481	-0.0265383028152	1.53271526323	-0.1114864299
-0.575193569108	-0.0265092448389	1.59421420228	-0.217645637578
-0.592291710766	-0.0246972159795	1.61502325359	-0.207605449562
-0.612089734539	-0.0258874953841	1.59432467645	-0.120905677797
-0.628304813745	-0.0283785524692	1.61394783152	-0.130077574873
-0.639819247826	-0.0302643015218	1.66966745883	-0.129341994843
-0.659238977554	-0.0300207950039	1.63601558644	-0.224566140284
-0.682371182427	-0.0268590700398	1.63241371491	-0.233278822519
-0.69830611346	-0.0278923083672	1.64036050524	-0.221392883031
-0.722589446421	-0.0345961607159	1.65510016214	-0.218262878335
-0.739134736883	-0.0394925469278	1.67870923125	-0.217010183629
-0.763027020895	-0.0444132344034	1.72460934374	-0.213282367537
-0.781277341156	-0.0505976466501	1.82474295099	-0.117239410435
-0.792374040511	-0.0524431923819	1.87373585088	-0.120184343592
-0.81541988393	-0.0546553153781	1.85966808701	-0.0401973233567
-0.828178730181	-0.0505390991724	1.87603179133	-0.0395632596257
-0.880199537099	-0.0285658131328	1.89344261696	-0.0467705016757
-0.892619173007	-0.0198067682032	1.92136464019	-0.0541191648536
-0.917258889591	-0.00674991026312	1.9640085406	-0.0480953574476
-0.93267592853	0.00374825767263	1.9991891236	-0.0561339149932
-0.948432738671	0.0153827868319	2.10335976264	-0.162183852035
-0.961780420307	0.0248778117465	2.18373209136	-0.148261267119
-0.973761140089	0.0286350143787	2.15818755975	-0.243140863503
-0.993151329211	0.0301278985849	2.18153531795	-0.23891742697
-1.00867973243	0.0299834325382	2.17848413358	-0.222509947641
-1.03948569612	0.00565579902947	2.19335310874	-0.233441978873
-1.06193208892	0.00268266587308	2.33792227732	-0.161563561817
-1.07880495613	-0.010382989387	2.39101892083	-0.158154388382
-1.09364203473	-0.0137782899484	2.43631745349	-0.176541981845
-1.11586769728	-0.0133273912202	2.4599528213	-0.18733686951
-1.12742477525	-0.0133273912202	2.44343859545	-0.0954854446825
-1.15071411061	-0.0130014139039	2.42915771223	-0.0979136559683
-1.16139686058	-0.0113355912264	2.42987895411	-0.104414292341
-1.17222404154	-0.0074617436261	2.44397003073	-0.110789477235
-1.20538713645	0.00153508480007	2.42400029474	-0.120204692893
-1.21666766658	0.00664232756138	2.4380688915	-0.12631351186
-1.23302941488	0.0157599217439	2.42720524879	-0.121779906834
-1.24269864949	0.0211815068512	2.43452374146	-0.123287017051
-1.25275501138	0.0235549608368	2.44360560515	-0.128633253076
-1.27003185823	0.0285487597786	2.4266469034	-0.121887087301
-1.28013484115	0.0317321852399	2.43584110693	-0.125874379124
-1.29527853429	0.0357150236487	2.43563871415	-0.128842026359
-1.30526200402	0.0405079903494	2.44850538503	-0.134639707842
-1.3311368424	0.0482620392297	2.45131228983	-0.132724093785
-1.34019502352	0.0488576309696	2.46987014688	-0.132736619768
-1.3541474149	0.0506578567909	2.50544873266	-0.142242911837
-1.36331687454	0.0553014027749	2.52728535281	-0.144252649585
-1.3724249748	0.0599808489698	2.56303029562	-0.146886999772
-1.38950289921	0.0587336251782	2.5836340299	-0.152678383028
-1.39860963565	0.0599859400738	2.59108120772	-0.16026026247
-1.4074740908	0.0650153688384	2.56686881504	-0.149069127639
-1.40761737921	0.0631264326345	2.56071484259	-0.146617120539
-1.42207266797	0.063965563354	2.5605662035	-0.144134257893
-1.43245009162	0.0661014547501	2.56911843208	-0.141614015746
-1.43828104401	0.0663167039072	2.54430228019	-0.223559069892
-1.45168290265	0.0700052711415	2.55622290686	-0.13707646062
-1.46548754797	0.0686862301905	2.56224414557	-0.223521786038
-1.47068804477	0.0671399510246	2.57738079221	-0.222977575388
-1.48207726416	0.0702558229273	2.58930865642	-0.218904858915
-1.49950500006	0.0673271219546	2.5464814772	-0.141583404361
-1.51142996062	0.0700601493714	2.53786239458	-0.142091402559
-1.52223531446	0.0673005574112	2.55525391988	-0.141253979059
-1.53462938107	0.0700854783536	2.54926665871	-0.145318579506
-1.54200714646	0.0700845181888	2.54285711936	-0.149114890348
-1.54964908298	0.0665676678145	2.56712615415	-0.154551398668
-1.55860484492	0.0620877566118	2.55385615368	-0.156653010426
-1.57002353236	0.0604250609589	2.5616771139	-0.157748367521
-1.58150584317	0.0601878530859	2.56993181345	-0.164356136893
-1.58708207184	0.0613926455651	2.60650152164	-0.170581344344
-1.59955495778	0.0628459386546	2.59926198542	-0.166536163178
-1.60706066156	0.0628459386546	2.60974971522	-0.16695739392
-1.61861390764	0.0648166747695	2.61945325834	-0.165732518396
-1.6249264082	0.0675404713255	2.62974709389	-0.169276011573
-1.64652433848	0.0715427945446	2.64231265923	-0.169376834607
-1.65178903785	0.070280259851	2.66590119333	-0.170469810298
-1.67197544234	0.0750995783165	2.69407792054	-0.170958546909
-1.68445176385	0.0779400636945	2.67823514085	-0.181678242804
-1.70349901185	0.077412989181	2.67610818542	-0.276195402593
-1.70904008135	0.0732132078652	2.66865834427	-0.268373828981
-1.72683984094	0.0771901176579	2.65895408708	-0.263236655384
-1.74534142011	0.0654037396448	2.67550942376	-0.264568623788
-1.76481300523	0.0637714887936	2.68795414853	-0.258010261955
-1.78211776945	0.054983843985	2.68245416806	-0.262898157994
-1.79913260323	0.0424971941759	2.69091930662	-0.269735982697
-1.80851473294	0.0424971941759	2.7075684807	-0.271409524936
-1.82434695531	0.036844842906	2.73032714957	-0.271859249549
-1.83473406973	0.0269017995977	2.72682614214	-0.194889017121
-1.85680534569	0.0191574287451	2.77022949442	-0.272070540158
-1.8694644322	0.0197384376283	2.76701733992	-0.272385626005
-1.8873010743	0.0253144747086	2.78207568539	-0.286023548753
-1.90441259496	0.0273797773738	2.83130803677	-0.374338184378
-1.91343864557	0.0255907189665	2.82868151091	-0.375540925967
-1.9372713125	0.0195597655124	2.78014371526	-0.285880624431
-1.95114861253	0.0131682728831	2.78938673536	-0.291291383668
-1.96197077364	0.00765635179381	2.76237008825	-0.218943255869
-1.98535396243	-0.00349094281248	2.80194171387	-0.220188593279
-2.00291531606	-0.00661770356989	2.83838778121	-0.212180992408
-2.02560924897	-0.013257432964	2.90756325062	-0.291605690443
-2.04137551591	-0.00813893026787	2.9192987962	-0.203350307424
-2.05289267647	-0.00749496632101	2.95170510033	-0.193121867968
-2.07420514833	-0.00975892851798	2.95292858686	-0.208021624073
-2.09751249002	-0.00318321448137	2.94656931341	-0.197812061313
-2.12131103523	-0.00151925473408	2.96073767479	-0.195588385643
-2.14574516636	0.00320615298093	2.96367029406	-0.191267482898
-2.16097208912	0.00115786480822	2.96669761176	-0.190733695883
-2.18374330862	0.00288866427323	2.97418568497	-0.194050237331
-2.19977494378	0.0046252225272	2.96903135099	-0.194908493509
-2.21171499833	0.00497546043991	2.95926514502	-0.196881049531
-2.23806737081	0.00603762821624	2.97247121524	-0.202556089242
-2.2643739319	0.00782557403111	2.99954799959	-0.208379318323
-2.27750751612	0.00818729495326	3.03903984877	-0.214718767203
-2.30653200358	0.0118365759993	3.05089183345	-0.210519216876
-2.32326247106	0.0162665891199	3.08571791009	-0.213174773444
-2.33959981032	0.0207301812965	3.15341453119	-0.231645820681
-2.36407752805	0.0248585641308	3.22728040827	-0.236880192013
-2.38827611467	0.0187700053966	3.29374609549	-0.238825018605
-2.40822081936	0.020311512818	3.3604934263	-0.245374609758
-2.42506600626	0.0203094361824	3.35147245176	-0.248203090587
-2.44313835894	0.00861083913158	3.35201417037	-0.251996229036
-2.44980278118	-0.00469691145594	3.37651812021	-0.25055097214
-2.47095327498	0.00556439297618	3.36357526869	-0.246036390175
-2.48370345581	-0.00595512119278	3.36619988737	-0.244390223143
-2.49674843018	-0.00755323412079	3.37671145522	-0.245430971168
-2.52324893099	-0.0131955338684	3.41738200026	-0.34095273895
-2.534646053	-0.0111625386752	3.38870592383	-0.250216980202
-2.55695183866	-0.0107689342844	3.39025520328	-0.251811137092
-2.56907604704	-0.00746806977358	3.38474236034	-0.258330310919
-2.5843457902	-0.00664478633476	3.40260385142	-0.264061476547
-2.58534374286	-0.0128760127821	3.34254730504	-0.298616860303
-2.59785630734	-0.00911733567773	3.415158977	-0.273391115774
-2.61625392289	-0.000745256118239	3.44700435688	-0.271346820473
-2.63791395289	-0.00455570776143	3.47111952037	-0.278297344776
-2.65077462524	-0.0105318880511	3.48416538113	-0.369731956207
-2.67659854204	-0.0144092952396	3.50931059448	-0.285961190425
-2.69230107803	-0.0282689217486	3.55473425995	-0.291240292354
-2.70566096574	-0.0308823545008	3.5729042071	-0.291705413129
-2.71999538826	-0.0304434054647	3.58922092799	-0.297841139472
-2.74271963806	-0.0229354028405	3.59069831061	-0.295250566456
-2.75676184618	-0.0216005122727	3.59817736915	-0.2938532204
-2.7569468885	-0.0198190115432	3.59248811445	-0.280496837932
-2.77935523184	-0.00856386952306	3.58824147494	-0.279966223528
-2.7874435055	-0.0121696515675	3.58089464164	-0.279926268498
-2.81255986003	-0.0126298181419	3.61697834511	-0.367437822014
-2.82766380786	-0.0185739463076	3.59003714013	-0.280568653906
-2.84261871731	-0.0392670544608	3.60097214929	-0.284193879396
-2.85479318234	-0.0434293917255	3.6006426998	-0.2916765073
-2.87916635303	-0.039272636815	3.61701475506	-0.292117255042
-2.88725206027	-0.0481669150206	3.61409470936	-0.291665543848
-2.88800735314	-0.0631509542253	3.62411755295	-0.29946443969
-2.90996365676	-0.041469326832	3.64578769729	-0.302094397689
-2.91741207371	-0.042416139824	3.66838892753	-0.298414023883
-2.93132182574	-0.0390865302626	3.69491894446	-0.296924437871
-2.93870283549	-0.0619626902025	3.67081484687	-0.309659100421
-2.96009722375	-0.0451646250424	3.77744912014	-0.314430945447
-2.96761339873	-0.0417894880864	3.82604407515	-0.311099852695
-2.98059059124	-0.0437226413921	3.86571290227	-0.309612825207
-2.98766723904	-0.0655477034266	3.83805192689	-0.402130582405
-3.00120758922	-0.0567677177119	3.88730746441	-0.332495151412
-3.00725962157	-0.0548187313157	3.9013248577	-0.31356183479
-3.02818415629	-0.0597192987474	3.90118253404	-0.310126332654
-3.05136162994	-0.0587236878391	3.90746087053	-0.309507923087
-3.06546179198	-0.0552326041743	3.90210161499	-0.308800178011
-3.08622562934	-0.0532266130665	3.90540285641	-0.309319255468
-3.10124628257	-0.0527211235363	3.91245856582	-0.312481403095
-3.1229554133	-0.0476414833368	3.91583944435	-0.313795479028
-3.13730093573	-0.0466191705253	3.92213192975	-0.314934603899
-3.14921527621	-0.0455928476248	3.91623633858	-0.316519991166
-3.1727928539	-0.0368056246901	3.92607776275	-0.319142828116
-3.18922863244	-0.0316008982918	3.93565688813	-0.320775694272
-3.18978976493	-0.0414989641388	3.94758402702	-0.326229434898
-3.20291238573	-0.0320803825082	3.96412133086	-0.326450509672
-3.20190239006	-0.0346957456359	3.99236424117	-0.323435502853
-3.20333884558	-0.0320791618336	4.03199534487	-0.31958689143
-3.20329619954	-0.0320791618336	4.08373222905	-0.331346251304
-3.20893103057	-0.0315559269296	4.15385513332	-0.337348252455
-3.23031787326	-0.0246965463683	4.24664756642	-0.344835879563
-3.24733374907	-0.02946768936	4.31218682342	-0.352041472853
-3.2705108164	-0.0390867073927	4.32847855439	-0.361495532415
-3.27765275059	-0.0374783591897	4.31028813325	-0.362134033871
-3.27833829654	-0.0465973292099	4.33918941004	-0.361528922916
-3.2957998731	-0.0390470876016	4.32685394679	-0.355459947764
-3.31934679728	-0.030936749384	4.3366423143	-0.346072036766
-3.33542970793	-0.0303925601921	4.34121762894	-0.350108294255
-3.35669754435	-0.0271024493382	4.32819269969	-0.347971635539
-3.3683580646	-0.0248940150382	4.31605592755	-0.348959158341
-3.39003948679	-0.0154594358263	4.31653747129	-0.351644850552
-3.40546650627	-0.00597180729945	4.31377486854	-0.35709546894
-3.41821176016	0.00858255056103	4.3245133711	-0.357375055304
-3.42617371592	0.026566347374	4.31027642703	-0.358072074078
-3.42977856247	0.0333203759436	4.32051655439	-0.357411170641
-3.43378729045	0.0333213733242	4.32204246259	-0.359803953274
-3.4406721003	0.0457413626221	4.31550521424	-0.35813504707
-3.45498550595	0.0497134937043	4.32793309852	-0.368104870774
-3.45815846366	0.0485730846788	4.33757899417	-0.362982380549
-3.46844410255	0.0508441536065	4.33292890794	-0.368326538741
-3.48408675863	0.0565673228975	4.34466447439	-0.375854601239
-3.49009936343	0.0514087741471	4.33423780872	-0.372123841044
-3.49990795328	0.0514105753866	4.33460257882	-0.371837091259
-3.51203671475	0.04103567889	4.3441716601	-0.376273504557
-3.5266924266	0.0421970464999	4.35535583575	-0.379140260999
-3.54119179732	0.0387072869133	4.35685307556	-0.381533992284
-3.55775358939	0.047475348642	4.34904666318	-0.377120848966
-3.58298972517	0.0451235313188	4.35761983962	-0.385280708941
-3.60507278715	0.0516396823267	4.36263368748	-0.385154068514
-3.61302033968	0.044502393869	4.35058512154	-0.3843405424
-3.6145324832	0.0355771053592	4.35477850005	-0.386387741987
-3.63753806139	0.0637003817047	4.36649525361	-0.394857329527
-3.64606756643	0.0588958039707	4.41129329618	-0.476296182195
-3.66408591524	0.0624987349721	4.37593641424	-0.391082083117
-3.67731479339	0.0570502246054	4.38916331032	-0.387636224771
-3.6980500132	0.0662000253973	4.43651114853	-0.38568989257
-3.71132672353	0.0631432170009	4.48049680697	-0.384658154712
-3.72563497498	0.0619142873564	4.5600108306	-0.386363189258
-3.75190155729	0.045231323407	4.62128004914	-0.38660318845
-3.75857836206	0.0396516597241	4.68349888295	-0.396270064714
-3.75985585711	0.0260040047008	4.66447471085	-0.395554959981
-3.75967597926	0.027244822329	4.66975331081	-0.388933111347
-3.75945302225	0.0284855622062	4.68614350614	-0.380075187415
-3.76998156935	0.0291059308526	4.6935951526	-0.384076332683
-3.77626704046	0.0365842207388	4.66900190801	-0.375296159322
-3.77709797256	0.0241195944352	4.69763485381	-0.387319285456
-3.77699027204	0.0272367539653	4.6941104154	-0.384115671326
-3.78022103414	0.0334784069025	4.72044289854	-0.388880010391
-3.78579576184	0.0347256629806	4.74683582446	-0.393801281105
-3.79039541923	0.0353514330664	4.78051087945	-0.401574318444
-3.79588359631	0.0322200415833	4.80765305708	-0.409834430644
-3.79970303116	0.015916978063	4.84909778039	-0.436430155788
-3.8047592684	0.0196866472591	4.92234851807	-0.448552131561
-3.80894839378	0.0177986740972	4.97508071609	-0.452562865786
-3.80947430624	0.0146534061478	5.03825424238	-0.453984837628
-3.81002053814	0.0165409926687	5.04944863623	-0.459625334363
-3.80968220183	0.0159117306518	5.00650626007	-0.537385151402
-3.80967021491	0.0184282694862	5.01074547903	-0.536300527674
-3.81552187771	0.0165402855706	5.03590757743	-0.532979112322
-3.82788323615	0.0178049114474	5.07821774104	-0.520698873069
-3.846175764	0.00511590902211	5.06321132564	-0.515007161554
-3.86817221299	-0.00956600034057	5.06326656826	-0.521624766858
-3.87473419159	-0.0114881698121	5.04606246262	-0.522813386848
-3.87546414681	-0.0268616910352	5.05427505515	-0.532951467237
-3.88771239058	-0.0185114220827	5.06153647068	-0.535982974095
-3.91371285507	-0.0275377069979	5.06021131842	-0.535668513244
-3.92433862152	-0.0366258659837	5.04890058105	-0.535345190331
-3.94029935266	-0.0470491292579	5.0523632171	-0.534436372186
-3.95355033418	-0.0542406327352	5.04866340004	-0.534766752874
-3.96514274175	-0.0745802239495	5.04770540003	-0.534879227486
-3.96474954209	-0.0922985855042	5.05508050734	-0.536862304695
-3.97393931459	-0.0896688727404	5.05267025437	-0.539048469561
-3.98260471464	-0.0837351308748	5.06311387706	-0.53844594021
-3.99146586938	-0.0949609286344	5.05046010659	-0.536566899057
-4.01900165311	-0.108278310312	5.04913240725	-0.541233927126
-4.03041292658	-0.120292486063	5.05117256339	-0.538046285974
-4.0301525967	-0.128304142473	5.05768535599	-0.541049207581
-4.03098306608	-0.12897202354	5.04472654308	-0.539330675849
-4.03098306608	-0.12897202354	5.04754807235	-0.540400246338
-4.03096477913	-0.126968770563	5.0485593433	-0.539941753538
-4.03109564268	-0.122962160729	5.04685850048	-0.53826076882
-4.03103073537	-0.124965482776	5.04545366354	-0.534711583779
-4.0310088665	-0.125633249205	5.04828907774	-0.535738702923
-4.03098688109	-0.126301011808	5.05639956407	-0.538237861506
-4.03098688109	-0.126301011808	5.05162269389	-0.53680474593
-4.03098688109	-0.126301011808	5.05155310157	-0.537156016765
-4.03098688109	-0.126301011808	5.05419651335	-0.542101810949
-4.03098688109	-0.126301011808	5.05132592387	-0.541274214045
-4.03098688109	-0.126301011808	5.06020307715	-0.537893737079
-4.03098688109	-0.126301011808	5.07434372131	-0.534997295037
-4.04028371858	-0.126299389203	5.0606843368	-0.541721793311
-4.05051530864	-0.115565116379	5.08509889799	-0.535924627476
-4.06542418206	-0.125660937646	5.05949046611	-0.541597790108
-4.07736655866	-0.122966730799	5.05289154296	-0.541564251946
-4.07816375986	-0.138514690952	5.04485053633	-0.538797021346
-4.07841538887	-0.133782522345	5.04382747031	-0.543515376379
-4.09212166838	-0.120240354369	5.06485192446	-0.539167417785
-4.10143418901	-0.129076703706	5.06254878092	-0.543283281468
-4.10169823491	-0.139958869542	5.05243591168	-0.53978000162
-4.10234359147	-0.146760790805	5.05935796747	-0.547815501083
-4.10701644463	-0.137918477038	5.09232874521	-0.541902701255
-4.11932503223	-0.145431859123	5.09738349124	-0.543181102044
-4.12698664837	-0.15364637973	5.05714360533	-0.541899176432
-4.13774420702	-0.163933555869	5.05271264975	-0.540196472017
-4.15371298844	-0.171497003382	5.0545168288	-0.550081448441
-4.17167380519	-0.167360800379	5.08032993276	-0.54592859068
-4.18023374513	-0.173602168432	5.05066082924	-0.549381344439
-4.20361810835	-0.163135996881	5.06433981462	-0.551347268677
-4.21212322029	-0.183414706802	5.05617297671	-0.552143221979
-4.21171170625	-0.190408024405	5.05265122445	-0.551738147721
-4.21557754897	-0.183412816245	5.04867291449	-0.54930295908
-4.22609906499	-0.179905689952	5.06438831872	-0.553817991668
-4.23257715603	-0.194668805727	5.05830103592	-0.553272770907
-4.25032506996	-0.198899809459	5.05663036517	-0.552113926732
-4.26520853807	-0.198896832204	5.06006137052	-0.556752765961
-4.27948302814	-0.201756903514	5.05892684769	-0.55610135373
-4.29013348827	-0.209593248675	5.06422069811	-0.557974028742
-4.29545036578	-0.213162920727	5.06812930552	-0.55722790347
-4.29692529268	-0.223876236635	5.05881615006	-0.55627711579
-4.2977242897	-0.221733321701	5.05945847799	-0.556478029402
-4.297634989	-0.221019025514	5.06298919861	-0.558135742476
-4.303336785	-0.21887518114	5.08268084545	-0.558380329853
-4.31088821852	-0.213143136872	5.13379604761	-0.566989125534
-4.31892699126	-0.223190691275	5.06155266884	-0.501931658943
-4.32797928978	-0.242597118288	5.13006687025	-0.582409138253
-4.3385530249	-0.217350892076	5.07539041367	-0.50602473651
-4.33964517447	-0.221681465576	5.06709230298	-0.511564779673
-4.34116360281	-0.218793932199	5.1268456334	-0.591918868355
-4.3410484756	-0.220959592306	5.0840038758	-0.521555504015
-4.36359956622	-0.207905012673	5.11181725324	-0.520273655905
-4.37226616367	-0.214451200932	5.11448727047	-0.523608966937
-4.37746400478	-0.220277763792	5.11161483418	-0.517656687234
-4.37792884738	-0.219549453662	5.11935650442	-0.519179912132
-4.38283740312	-0.220283137737	5.13475364233	-0.523277765745
-4.39526140188	-0.210049575171	5.16248935757	-0.526254102596
-4.40535918441	-0.204188913174	5.20368566935	-0.617115255302
-4.40505145853	-0.207854228189	5.18491215933	-0.530460659107
-4.42255277595	-0.222523613017	5.21583357786	-0.530734951577
-4.44221203779	-0.204803464621	5.25656779459	-0.520455852197
-4.45382576838	-0.201840869124	5.27373513927	-0.517292971204
-4.46655409734	-0.19961071321	5.28517453404	-0.521071948707
-4.47942166859	-0.184747213045	5.33603836525	-0.522902777454
-4.49285257069	-0.159320141566	5.29074712106	-0.512132804794
-4.50262355053	-0.153321911434	5.28164906486	-0.586910357776
-4.50203624326	-0.160071845114	5.27962449188	-0.665646568348
-4.51230082499	-0.147296014007	5.27910954694	-0.573671818062
-4.52974156099	-0.166156794638	5.35863591906	-0.563386615605
-4.54010421654	-0.179021759058	5.30268891657	-0.509701142424
-4.5624018936	-0.154715559651	5.3472065512	-0.518057357751
-4.57187472932	-0.150904800492	5.304943343	-0.515206192034
-4.57642068384	-0.128781123697	5.3066254851	-0.50771487033
-4.57729601484	-0.1280181649	5.33304085762	-0.501228136712
-4.58347969124	-0.1280181649	5.36872414573	-0.486180623426
-4.60207345233	-0.107306125922	5.40732283139	-0.468506750895
-4.61465587172	-0.0980690890672	5.45927792561	-0.456625541842
-4.63497788857	-0.0671822146807	5.51022217877	-0.409350459745
-4.64456748187	-0.0516855470531	5.53838507773	-0.384210069665
-4.66587123551	-0.0135928878545	5.59126767565	-0.376190389177
-4.68385032449	0.0332553806871	5.58520571659	-0.365688094901
-4.69988043878	0.0732438284031	5.57999427941	-0.369075332769
-4.72131998974	0.141744951302	5.63608742845	-0.4542329827
-4.72883470861	0.18201909364	5.63320876778	-0.425254998647
-4.73612349905	0.251615337363	5.67244507313	-0.375795326029
-4.73744715513	0.238169406063	5.60630237442	-0.355599697748
-4.74227031906	0.243706655759	5.61153190627	-0.352180450645
-4.75855558982	0.273110013859	5.59979962003	-0.345665857383
-4.76465807257	0.278680893686	5.62471829807	-0.356216622553
-4.78453257025	0.309839333394	5.63648444367	-0.365201570902
-4.79043303617	0.34826593927	5.64061179737	-0.36175355773
-4.79173992823	0.375491278613	5.74405821015	-0.380713477136
-4.7919691531	0.377893061737	5.77599775342	-0.38294790366
-4.80312609454	0.388323334016	5.84132948654	-0.448945176617
-4.80140971813	0.385916712526	5.84598445226	-0.443791260688
-4.81295288573	0.399598702832	5.78492151158	-0.37095216726
-4.81561643196	0.423694107534	5.84717156453	-0.425798349425
-4.82783276106	0.439008813986	5.80377568587	-0.353295734221
-4.83865637356	0.457605212905	5.7906200602	-0.356424633708
-4.84588012506	0.493239574628	5.78252467446	-0.352328794052
-4.8618288784	0.494045504428	5.78527375808	-0.351212380409
-4.87091147939	0.494860551909	5.78633144686	-0.346301442112
-4.87065445469	0.495674869774	5.77766360638	-0.339932967431
-4.87816447664	0.491596952148	5.77229968944	-0.324935978681
-4.87904612285	0.476915380821	5.7260586027	-0.29585591458
-4.8937258789	0.495725267164	5.72807988432	-0.293603465399
-4.90050519822	0.538346633542	5.72672545009	-0.291798792768
-4.90349678886	0.566237880776	5.71506159462	-0.28740213193
-4.91620590618	0.586794243437	5.72861236006	-0.293183962529
-4.91508745632	0.649223778591	5.75729382226	-0.274885529536
-4.92474556621	0.660758253641	5.7393957743	-0.275111063362
-4.93615574521	0.74575668191	5.74967555917	-0.252460194057
-4.93985634866	0.792071523742	5.74723846919	-0.254262056478
-4.9442233465	0.926161440355	5.74904173132	-0.225740853806
-4.94835991905	0.963445033952	5.75003522847	-0.197758220091
-4.94754809967	1.07286158588	5.87561033029	-0.139611858692
-4.93949183638	1.17387976461	5.87992652495	-0.098624535769
-4.93851890094	1.20774544355	5.99300376105	-0.113301468136
-4.94168794105	1.23007298945	5.99345785553	-0.105850846243
-4.95145760864	1.22758791845	5.99329279049	-0.0947499843051
-4.95805720226	1.27238951257	6.01089963921	-0.076754913376
-4.94371543509	1.383557419	5.89866003772	-0.0045142467029
-4.93701326034	1.40917797051	5.91925883597	0.0177941070917
-4.9477495755	1.41579954089	5.9191580245	0.0755650512777
-4.95030165921	1.47874003233	5.8582222461	0.0971623079512
-4.95228903204	1.50527723508	5.85132128015	0.0781521604494
-4.92910959794	1.64852421016	5.88894713212	0.110630090646
-4.90987233099	1.7259165896	5.84303107042	0.0930435227321
-4.91761558537	1.70701151446	5.84537228166	0.111532646138
-4.92084147912	1.69796082402	5.86836802786	0.156171039505
-4.93089086999	1.68394429137	5.82634327103	0.176633130584
-4.9406741342	1.68725082652	5.92982953192	0.24784187362
-4.92902209439	1.77565552336	5.92780503155	0.277239696458
-4.89480813528	1.90562322526	5.85122456727	0.346863522202
-4.88367330558	1.93342059742	5.84419581863	0.348487551355
-4.89024079633	1.93342093981	5.92760742366	0.308529232922
-4.88135109426	1.97993243915	5.93249589709	0.338592560379
-4.87566977542	2.00686518536	5.9259335232	0.347591682535
-4.8719462308	2.01827188644	5.92864904022	0.341117940154
-4.86725661067	2.02966997615	5.91523724021	0.359262655309
-4.86694494147	2.03048366996	5.88553555812	0.380429539928
-4.86640368979	2.02967008035	5.88879205479	0.383756685502
-4.8802162485	2.05499053676	5.89927632841	0.395292342386
-4.88329489317	2.07460507573	5.90126299369	0.367970907358
-4.82908538971	2.20538340779	5.87278389672	0.361924716804
-4.83445486371	2.20780768722	5.88001492058	0.362879204989
-4.83631085617	2.22479723361	5.98809516614	0.422565377315
-4.83330393594	2.27652287002	5.98845277058	0.428668574286
-4.83492464974	2.30078228045	6.00914588052	0.428794733598
-4.80606282584	2.38949875728	5.99008021022	0.407585604071
-4.74124276665	2.55557375478	5.90305084679	0.385456767115
-4.72418707161	2.62836371869	5.91563099838	0.402655681692
-4.68972384964	2.69835099452	5.99918430432	0.436556554704
-4.65903731095	2.74905626217	5.90241767202	0.400556794466
-4.64861716995	2.78170289385	5.91028496039	0.414029503077
-4.64095401067	2.79255029994	5.90230400333	0.408839736834
-4.64737870409	2.81739798669	5.99875830573	0.460175486997
-4.62974739985	2.85378062921	5.99832285907	0.462203580427
-4.61432756262	2.87767939089	5.99703564053	0.461984543348
-4.62645123041	2.89547163397	5.92728361079	0.495765127122
-4.6010111962	2.95245537604	6.00738440147	0.513825773915
-4.59509895925	2.98238793457	5.93128494663	0.586086946561
-4.54743046972	3.09078755615	5.93245446682	0.606055473988
-4.51689706499	3.15053801739	5.926882693	0.59318242011
-4.46276871014	3.25986739275	5.92915323137	0.614448349198
-4.36973673183	3.42984766115	5.98464921782	0.591762023221
-4.32192020597	3.50583120531	5.98153667989	0.614379859747
-4.2853019766	3.56242766314	5.98195148091	0.653643568723
-4.21064801286	3.66490320481	5.99950973382	0.702075534329
-4.17239867303	3.70595259408	6.07954181826	0.752210606057
-4.15999729168	3.74687104879	6.10037467803	0.77206833444
-4.15403170131	3.76688634534	6.10578912108	0.789827800621
-4.12735533501	3.81780422107	6.09614773455	0.800450456904
-4.07840411944	3.88320199131	6.08103093056	0.805692205987
-4.01869658103	3.97256365342	5.97816254012	0.847467171474
-3.98358828265	4.02959303174	5.98141912147	0.870499664635
-3.92447559866	4.10232427725	5.97950638896	0.871450374982
-3.84923764692	4.18738526924	5.97649231362	0.885840317785
-3.81392201855	4.22796023811	5.98906111738	0.904070260164
-3.73140555443	4.31653247328	5.98143933997	0.930085524603
-3.65346120551	4.39759704286	5.98512910954	0.974938766456
-3.61830252785	4.4341874116	5.91388463778	0.920894953754
-3.49816972848	4.54500134049	5.98395336974	1.0006444946
-3.31167118797	4.70228171008	5.90858088375	0.966028551928
-3.25616792084	4.74643370418	5.9062037893	0.981862313136
-3.15403769444	4.82565526023	5.89655900739	1.0238743951
-3.06895536788	4.89123965412	5.8884995822	1.10117266752
-2.9977131762	4.94414540409	5.89556898575	1.19077538085
-2.93791004788	4.98665752243	5.9003201824	1.21111938465
-2.83902245021	5.05283905042	5.89654153021	1.21552586871
-2.79554414884	5.08163018527	5.89443774906	1.21068900919
-2.69028728723	5.1482283746	5.88592896524	1.2168853036
-2.58104774183	5.21497446962	5.89213427073	1.22231947032
-2.51913768017	5.25024929261	5.89503807669	1.22568571194
-2.43551352038	5.29718184334	5.89332316477	1.23501975139
-2.34148532145	5.34610669133	5.89043708711	1.26825777508
-2.29826795323	5.3697884525	5.88988671158	1.30837583213
-2.24435218353	5.40017081125	5.88431720375	1.34087936224
-2.19235754577	5.4258891473	5.90578390383	1.44055933301
-2.10409797565	5.45979286861	5.90578212981	1.57018282969
-2.10079608299	5.46577565036	5.91463536662	1.59569911377
-2.05692738182	5.49519391007	5.91330515762	1.59586835109
-2.02726834914	5.5103067539	5.91668354722	1.58664875955
-1.97413553281	5.52786080353	5.9116721197	1.5931980954
-1.95359426874	5.53492345193	5.91075256493	1.60176682366
-1.95649210806	5.53400713144	5.92048916122	1.59913310135
-1.9673612146	5.53215974952	6.00139677127	1.69474140032
-1.97660328211	5.53277849279	5.93086458192	1.63308813565
-1.95388853731	5.54723813669	5.93058825246	1.62766640814
-1.90557635787	5.56747655294	5.93483386546	1.62007726544
-1.84862919653	5.59178569175	5.93568596618	1.61988725559
-1.82671913063	5.60150773514	5.95124870714	1.63226569211
-1.77603183637	5.62161099699	6.02572894526	1.70186987754
-1.75128039255	5.63363032151	6.02549066874	1.70713977922
-1.72678222142	5.64248869785	6.11442919484	1.78833025871
-1.73961070292	5.64301244065	6.11353747004	1.79140566089
-1.74258679303	5.64624513614	6.02453241508	1.71710474744
-1.74885258857	5.64382762485	5.93628640318	1.67586723233
-1.7354801715	5.6521957878	5.92986715901	1.74709012629
-1.71999424867	5.66128065665	5.9228240573	1.81659677703
-1.70959008627	5.66840028794	5.92355160837	1.81290770756
-1.70283473019	5.67391919388	5.92585955957	1.81181749344
-1.68233759825	5.67911066354	5.92114241813	1.80454220879
-1.66850770184	5.6873616149	5.92778855519	1.81051381619
-1.66091984517	5.69347465184	5.99372048233	1.8630475331
-1.64895653945	5.69956234914	5.99837781779	1.87851262196
-1.62343971772	5.71058522145	5.93121222361	1.83697805598
-1.62283654794	5.71331261938	6.00154622423	2.00979228726
-1.63391117853	5.71482853934	5.99276946579	1.95583060283
-1.63379414164	5.7165784066	5.98898251628	1.9457514305
-1.66181110328	5.71533517759	6.00245601799	1.94054106175
-1.65115622471	5.72093017839	6.00753475688	1.95074860253
-1.62094175412	5.73319634545	5.99718711786	1.958381541
-1.62725638294	5.73369315589	5.99730717186	1.96743227078
-1.65602171209	5.73066030555	5.9258215188	1.92380351919
-1.67271680479	5.72810738218	5.99706589247	2.00227475125
-1.69237166321	5.72759488203	5.90585079087	2.00006652904
-1.7118930521	5.72653066922	5.88408799151	2.04380046399
-1.6885838167	5.73437915643	5.8847238841	2.04456671104
-1.671712884	5.739012947	5.88737389438	2.059183088
-1.66753535589	5.74003538803	5.88165312651	2.05961595473
-1.69723817223	5.73384790571	5.96088024883	2.08675215483
-1.69501831538	5.7388120086	5.94006575829	2.1249681497
-1.6972393306	5.74142520093	5.94281564702	2.126685121
-1.66107732376	5.75561525321	5.93115650105	2.12812442257
-1.65020428241	5.76273770654	5.89849278943	2.08899606454
-1.58439720606	5.78550440603	5.8908840849	2.10503640829
-1.49959780946	5.80702735189	5.90922457624	2.18569160775
-1.46528641281	5.8156959632	5.8857170253	2.09109715672
-1.45311579075	5.81986686392	5.89732272297	2.19552834637
-1.43974011057	5.82682865226	5.88648868799	2.20029127775
-1.45665976846	5.82508668426	5.85579947937	2.12119294431
-1.47442989725	5.82332076616	5.84081946636	2.12446799311
-1.42034970302	5.8372424229	5.86855780334	2.21425881136
-1.37629150827	5.84598570894	5.76149232482	2.18937544488
-1.37568189906	5.84804043055	5.72915956838	2.21378134635
-1.39698023821	5.84371085565	5.71659032879	2.23256199627
-1.36607039992	5.85007829071	5.71911750781	2.23358754057
-1.37015424175	5.8492662851	5.7142574649	2.23329780435
-1.37513030711	5.84824733609	5.71007621244	2.24890835031
-1.37508766106	5.84824733609	5.77629968414	2.28309240329
-1.37100452939	5.84906278613	5.76676509346	2.3067326449
-1.35670910627	5.85189440892	5.69549095295	2.27129358466
-1.37239162458	5.85087957768	5.68398015947	2.30611133322
-1.39034792504	5.85108284235	5.69696128776	2.29118656924
-1.34061111337	5.8638923986	5.70651940902	2.27398340428
-1.26584993506	5.87807010527	5.70674025737	2.25017032744
-1.27105032422	5.87825308491	5.71880927648	2.38562925318
-1.25523276202	5.88345143689	5.79281130574	2.45449052038
-1.24794816222	5.88726288906	5.78755276007	2.47150562809
-1.239578757	5.89127168235	5.72369735199	2.39497843277
-1.19790539435	5.90105175767	5.80144018973	2.46194837098
-1.12514764029	5.91500231971	5.77388144651	2.45961681965
-1.1254841123	5.91661787826	5.71132514988	2.37066085863
-1.08538475941	5.92434786496	5.71117599643	2.36870346332
-1.0456786194	5.93020189107	5.69629132502	2.2963711286
-1.0097787796	5.93522871237	5.7040155331	2.36332577987
-1.00548341555	5.93747372237	5.69188668074	2.37553377043
-0.995254003232	5.93969680702	5.66868246631	2.3889692411
-0.98537506257	5.94217937706	5.57600876149	2.33030001393
-0.97594103206	5.94353326028	5.53100678904	2.31623678779
-0.953446877321	5.94928864085	5.54599605742	2.3438994075
-0.927442405364	5.95354833516	5.54565114046	2.34231490901
-0.877954690154	5.9620274381	5.54094366341	2.31952151056
-0.755470547263	5.97533007853	5.53323279309	2.31300984039
-0.725327819082	5.97813543071	5.52071543694	2.29545367465
-0.665325061596	5.9844795165	5.57078499749	2.37973661136
-0.652748315749	5.98591569629	5.53606998793	2.38601324678
-0.619241367542	5.98914868373	5.50638731112	2.42131001614
-0.643426438033	5.9882435799	5.50323569882	2.34835005297
-0.57389288474	5.99372442089	5.49051912618	2.42396623874
-0.539158370426	5.99633501209	5.51428102407	2.33747836539
-0.491769630589	5.99894938449	5.49681782251	2.36823117053
-0.49390628748	5.99884883566	5.49109418208	2.43412392176
-0.498051557241	5.99864570893	5.49707381689	2.35057349822
-0.48102439756	6.00033576954	5.48955247975	2.44613032257
-0.465341785705	6.00133027966	5.49862690969	2.44929681336
-0.31601862035	6.00699107756	5.49500042718	2.45026215324
-0.220044361289	6.00819063562	5.50170653598	2.37258978627
-0.159477211763	6.0080022107	5.49232002943	2.45747048875
-0.115383252364	6.00743005249	5.4917024416	2.36672694193
-0.0323227726552	6.00547541893	5.48172193672	2.45740392488
0.0321992266443	6.00283967522	5.45562964477	2.46354660444
0.0490149496858	6.00198445773	5.42915323019	2.46825984822
0.0387097129901	6.00241895341	5.47343783767	2.5540956927
0.0507288927715	6.00150321442	5.46089075958	2.5743861063
0.0995314179957	5.99862698416	5.44309974658	2.56278468361
0.118979913695	5.99739582473	5.3485088908	2.4993240171
0.159605270333	5.99417208882	5.34911832945	2.4972456844
0.259686750432	5.98630273599	5.3174293838	2.49747520834
0.339921875304	5.97951181479	5.31702777263	2.46584438963
0.358766801252	5.97767516399	5.28391779955	2.43999388763
0.360751614771	5.9765009538	5.26413588723	2.45010585663
0.406530142545	5.9713804727	5.27785265639	2.42621000365
0.441952105467	5.96689835695	5.27842233065	2.43434536514
0.457814203867	5.96415121759	5.27124818702	2.44460288214
0.492313627839	5.95942831671	5.26201025167	2.46757908452
0.57476180565	5.94775088672	5.2200725375	2.56558260839
0.610450391428	5.94191869852	5.24101995189	2.46225344275
0.675969406881	5.9297408018	5.24699655574	2.44851207882
0.77700356607	5.91144253068	5.2026470701	2.46392761712
0.856990614819	5.89526261761	5.18394549179	2.46740858484
0.929131263158	5.8801620239	5.10322195455	2.46830918426
1.01725338533	5.85947305411	5.08545215105	2.46721289966
1.0749697265	5.84399455035	5.0812792295	2.47189326199
1.21467022621	5.8076048489	5.06934321519	2.46495232576
1.25771190903	5.79430082269	5.05851468965	2.47359452966
1.34668311473	5.76753952031	5.08821913671	2.57060611724
1.40384491961	5.74992763301	5.0917160062	2.54038040158
1.49993597745	5.71475008081	5.05488367808	2.54617874378
1.54826816451	5.69549024276	5.0258764999	2.55587019407
1.6133583282	5.67126217955	5.05811099236	2.48530698018
1.82158727234	5.59400904995	5.04085542586	2.48158968875
1.82056825667	5.59436266351	5.03657366307	2.48057777154
1.79462110249	5.60032619607	4.99913378348	2.57047873039
1.80292589882	5.59541074383	5.00592269261	2.58314044105
1.81446120113	5.58523774741	5.02554107633	2.67833379222
1.86957127834	5.55992395068	5.0227988427	2.51339515274
1.92132978488	5.53171836258	5.00382073667	2.56984127203
1.98117125261	5.50248440455	5.01304047618	2.57011801569
2.01946639822	5.4867029005	5.00962831495	2.57316423862
2.02286983671	5.48514889077	5.00886375906	2.57306500754
1.99813915674	5.49094859865	4.93178976746	2.48992597869
2.00479749601	5.48326438229	4.83976010431	2.50121535905
2.022285536	5.47012816252	4.7850448695	2.50599171441
2.16752088775	5.40126237305	4.76308187576	2.50328346658
2.2083322123	5.38288821853	4.73956049745	2.49089477669
2.22018766342	5.3681639036	4.74185746072	2.49820524933
2.23678671546	5.35501287954	4.72960807596	2.58526598103
2.26350911035	5.33619226244	4.73901971019	2.50772484789
2.41600901022	5.24934980773	4.71602247966	2.50621097882
2.45569157375	5.22313914762	4.71480012934	2.5043038794
2.5065385167	5.1829276406	4.66382309831	2.53928429662
2.57233933334	5.14229235662	4.6264475962	2.60205188987
2.62410716642	5.10172248203	4.57832148266	2.61113722957
2.67553692604	5.06392241744	4.51251330255	2.52386893103
2.80899194488	4.96892316103	4.4167777176	2.52716232102
2.89859732216	4.90122172846	4.42528554971	2.52308785474
2.94341980535	4.86527812448	4.42726302236	2.52445494083
3.01454989573	4.80314789464	4.40773998708	2.52722290593
3.16035257694	4.67403594207	4.37288014892	2.59954757979
3.24941181204	4.59086919365	4.37349424972	2.53041637569
3.30834536777	4.53073914866	4.34502136652	2.53768159149
3.33581103643	4.49692943662	4.30425180867	2.60306711714
3.37415327172	4.45349741399	4.29511090982	2.60319056726
3.43172073993	4.39251712141	4.27202424447	2.60311461179
3.46910995019	4.36125558691	4.25183526279	2.50506022162
3.46958952159	4.35098601022	4.16190226418	2.4997009831
3.47216266625	4.34009476884	4.183602666	2.59669313989
3.48117566287	4.31245297643	4.17629240559	2.58802717295
3.54639513846	4.24310046501	4.15521669578	2.57926014316
3.55862697306	4.23195220323	4.14709050553	2.57524295444
3.56342342636	4.22669461331	4.1076933127	2.56634048811
3.55233057242	4.23720221263	4.07836245889	2.55265340564
3.55315533857	4.23654635531	4.03070388981	2.55863342298
3.56041584104	4.22998080666	4.06147256437	2.49551143808
3.56397782335	4.22669336286	4.00751710389	2.55102888139
3.55889381457	4.22932245905	3.99576572996	2.55983429777
3.5459976179	4.21883703819	4.01664694655	2.49088294008
3.56449780746	4.19130509576	4.06600633869	2.46977862938
3.5664421128	4.18867273662	3.98884181982	2.54128576012
3.53250741172	4.19584718854	4.00770008749	2.48499542053
3.50231864726	4.2114307761	4.0142688441	2.50029415915
3.53638921729	4.18217228683	4.00107832084	2.4863913262
3.53575918681	4.18086677028	3.96178270398	2.50324597449
3.54676791372	4.16057074487	3.93572064536	2.49234008194
3.53205714791	4.15926141327	3.94177532939	2.49260935617
3.47795760808	4.19612037701	3.94095852818	2.51231586562
3.48314330758	4.18968973714	3.93619077027	2.50041300446
3.49000078274	4.16328481829	3.90964755433	2.48440609835
3.49813924428	4.14198791492	3.8904187331	2.49511996222
3.48955014585	4.1374742077	3.86490782302	2.50066642064
3.52179099436	4.0876925321	3.81688031481	2.49090532155
3.55508794912	4.04529691622	3.83811629715	2.48279176457
3.58093864285	3.9939609925	3.78215761634	2.47392588975
3.58297646279	3.98208038381	3.71632888898	2.37933107831
3.55952301831	3.96411339612	3.76793583147	2.45114203862
3.49027905852	4.01352375314	3.77390302926	2.4491652287
3.45693171713	4.03020689384	3.75779356744	2.45637822222
3.4756270165	4.01290696829	3.74142436991	2.45264847286
3.47490426953	4.00327230665	3.72729168914	2.44740331811
3.47913112883	3.99425943295	3.72466690013	2.44427196089
3.484059669	3.97884168739	3.72360214822	2.44346899588
3.49585067191	3.94407752049	3.71379512308	2.44705556134
3.53761251993	3.89669728625	3.73541947923	2.44936524906
3.56404285101	3.87047829775	3.72721860504	2.44446323021
3.57246545066	3.86125974443	3.72149649919	2.44065718335
3.56931544486	3.86521431694	3.70356411556	2.43859147077
3.56737639817	3.86719005862	3.68849478452	2.4415219429
3.57407752299	3.86060017023	3.69353915508	2.5265794797
3.57857808426	3.85598053649	3.66084459878	2.53027316301
3.57043269032	3.85597769321	3.68268315392	2.53063040312
3.5640629608	3.85203285255	3.64844241121	2.53659221226
3.55671912013	3.85728884992	3.66417871431	2.53093961861
3.56321165056	3.84940517435	3.63523300806	2.53504293717
3.56540689149	3.84545735966	3.61818525526	2.53956608278
3.54073217481	3.85462632035	3.6290726369	2.53690260528
3.52716570546	3.8637800674	3.61198458614	2.53439272892
3.52825249724	3.85012287351	3.62511154166	2.54325915812
3.47809528243	3.87724084187	3.60165392915	2.53595931452
3.45521123147	3.884918992	3.60496954094	2.54011544443
3.4206821975	3.8957097573	3.58451849065	2.54303445246
3.3778892094	3.9139205711	3.51937316866	2.54262876326
3.35671532163	3.9226351848	3.45041980181	2.58240281296
3.30652018209	3.94665917974	3.43970359438	2.48615563494
3.20586936827	4.01356199644	3.42364099231	2.49067694599
3.16845305356	4.03192478915	3.39648722584	2.50200842174
3.20784674217	3.98579903606	3.36939628751	2.38469080819
3.25048071656	3.92834634429	3.34850112081	2.37738202956
3.22655650459	3.92827470453	3.33801285794	2.3590148337
3.15839993689	3.97621940306	3.38188858172	2.47156608728
3.08662609804	4.02209258666	3.39201914447	2.48231524878
3.12889593324	3.97189730253	3.36347244353	2.47931037337
3.13855122038	3.95502480175	3.37023720434	2.47916686266
3.15365464457	3.93397417823	3.34803837147	2.46773570771
3.14206727588	3.932222197	3.2941091934	2.47611825791
3.19577406592	3.86634075358	3.27456159061	2.48218860678
3.23500185203	3.81208972335	3.2540682332	2.47553874049
3.24997330472	3.78445248657	3.25556825138	2.48890961851
3.29476862384	3.72144014616	3.24666913265	2.49138748004
3.31783134309	3.68840254711	3.24038603419	2.49990171787
3.36958068064	3.6333180176	3.23060368095	2.48835185344
3.36622514497	3.63020291842	3.19077699101	2.48863703972
3.35298608375	3.62834298938	3.23751226494	2.57813297961
3.35500794472	3.60725197339	3.22540216288	2.58035206279
3.33961272793	3.60724540854	3.20638677606	2.58782532809
3.32219271389	3.60601759884	3.15399487772	2.58623057601
3.32160593741	3.60663316262	3.17703799154	2.58449162361
3.3107553208	3.59620772646	3.14347778366	2.58833851489
3.28908905286	3.60537132651	3.20281174632	2.5849247723
3.24731725317	3.63259808761	3.17371448458	2.58961082476
3.21462171044	3.65597971265	3.23339141742	2.58806978486
3.21542180807	3.6440624133	3.17978507969	2.59089492128
3.20213982244	3.63570965548	3.10931065686	2.60049587127
3.16883009568	3.64753643077	3.15933494976	2.59311716363
3.14924245301	3.65456954996	2.97164209312	2.48670065126
3.13579351748	3.65048602206	3.00536155519	2.49152728536
3.15393129262	3.6160665923	2.96251834478	2.49132972162
3.14875905548	3.60729032869	2.92908084611	2.49539036735
3.16379652984	3.5739082008	2.93140052304	2.50621643484
3.16271833366	3.56451766772	2.96239501704	2.60494557852
3.19157052404	3.51089506183	2.95451010986	2.59366158288
3.1643186806	3.52146967865	3.01400937256	2.59868374065
3.10096338864	3.56509478571	2.99397028198	2.60896232845
3.05517672816	3.59141030479	3.00963786656	2.61705262389
3.05467779729	3.59197932526	2.97832066479	2.61873012846
3.06041644991	3.5857169218	2.99022804601	2.61163856228
3.05916459966	3.58685654869	3.03114602656	2.61008327745
3.05853852539	3.58742619825	3.02743285939	2.60993632082
3.06041644991	3.5857169218	3.00127054383	2.61971325451
3.06229347919	3.5840066623	2.98186048877	2.61268969835
3.06541987054	3.58115404653	3.00795210195	2.60780428349
3.06291895659	3.58343635742	2.9820692654	2.61137776171
3.06291895659	3.58343635742	3.04627186312	2.61023526947
3.06291895659	3.58343635742	3.05499964827	2.60620521598
3.06291895659	3.58343635742	3.05066319241	2.60926543683
3.06291895659	3.58343635742	2.98000451416	2.61518693063
3.04714762999	3.57720125845	2.99835474197	2.62302092744
3.00751530304	3.59016234305	2.97494677027	2.6223064451
2.99297107552	3.5957508775	2.96098416216	2.62240845241
2.98386613996	3.60299578072	2.9525879723	2.62232436192
2.99239225751	3.59463698339	2.98572644503	2.61445745717
2.9854110574	3.60132695515	2.93031852155	2.6305885054
2.98605074807	3.60132695515	2.99335299873	2.62365497093
2.99320253128	3.59463620186	2.94600804577	2.62421642088
2.99286136293	3.59463620186	2.98292927622	2.61382896008
2.99411593282	3.59351971869	3.03556915974	2.61146258501
2.98403891501	3.59296411896	2.96115892204	2.6178158246
2.98666140138	3.59018086157	2.94491425136	2.62378583999
2.99932952864	3.57845950473	2.95152402277	2.62129105739
2.99808021544	3.5795778087	2.98194922373	2.61645464498
2.97961611459	3.58627102529	2.96475361177	2.6237724066
2.9716281035	3.5840541941	2.96775322662	2.62458590924
2.94460194663	3.58792931601	2.92246868227	2.6322852554
2.92791462001	3.580803922	2.92100225369	2.63059786584
2.91642806411	3.58025918456	2.96280563864	2.63025109651
2.88327878412	3.586203196	2.84470095913	2.64846756353
2.87177808545	3.58674024971	2.86791514653	2.65167020392
2.85564242099	3.58780883402	2.85528933153	2.64439725411
2.8476825361	3.59367677852	2.89607123188	2.63481967943
2.86002324626	3.58246696948	2.86739396465	2.63995397656
2.85719430967	3.5851402903	2.84186363625	2.64202690103
2.85653971767	3.58620918772	2.84718823159	2.64067945668
2.86404393643	3.57978925319	2.89043311094	2.6374701633
2.86320586839	3.58032478833	2.84250632974	2.64122526951
2.86383070621	3.57978923086	2.88949103484	2.63672211623
2.86133079422	3.58193080631	2.86744708394	2.63926847328
2.84674635974	3.58353084794	2.85383971341	2.64203096657
2.83111192746	3.59628301863	2.82980042758	2.64707842512
2.82523781552	3.58146063631	2.81346514995	2.6565923699
2.80726610095	3.58883169714	2.77872201123	2.65421093306
2.783763781	3.60557920821	2.78757674718	2.64607717034
2.78648570921	3.59724245552	2.82964416431	2.6438251264
2.77453291806	3.59672248371	2.79711420161	2.64723762506
2.75440135878	3.60656250302	2.78574212088	2.65626412383
2.79595467648	3.56292897945	2.74115485561	2.66278385576
2.8377592938	3.51867318971	2.72484757309	2.66515580201
2.86786768138	3.49252171574	2.79330754744	2.64470478331
2.85543990535	3.49147113967	2.72426024606	2.66449968285
2.89650182278	3.44471595544	2.67856859302	2.6601420028
2.90489072418	3.4317194201	2.77126664727	2.65313593323
2.94317338581	3.38154915243	2.70644421991	2.66172364143
2.9744001434	3.34293178695	2.8210797102	2.63942507331
2.99967187454	3.30452544088	2.71305540657	2.65707475098
3.02016576034	3.27481527324	2.70268942639	2.65852907965
3.07342601191	3.20566194702	2.70840443471	2.64868876561
3.08655322393	3.18447257089	2.7235958005	2.65564861568
3.1021840064	3.15456248433	2.69375112178	2.6492310343
3.11820665873	3.12334720967	2.68760474727	2.64900082489
3.12413371648	3.10710569218	2.67929724317	2.65068425345
3.12633994	3.10070884928	2.66890973119	2.65462251663
3.14117643377	3.07916683105	2.66570090924	2.65341646097
3.13482110774	3.08675258362	2.64570592487	2.65736308453
3.12662828014	3.08500416376	2.69286534415	2.6470539022
3.12907158565	3.07512030044	2.69142877246	2.65016559165
3.1304229926	3.0640461631	2.67096830597	2.65619664719
3.15586998082	3.02960393071	2.66147030372	2.65681930119
3.15379674546	3.03194955187	2.68175924119	2.6485644014
3.1567308348	3.0278447357	2.6844957741	2.64779136565
3.1572592422	3.02725795687	2.65851512874	2.65803720173
3.1572592422	3.02725795687	2.658191225	2.65455223695
3.1567308348	3.0278447357	2.68618584521	2.65027197783
3.1567308348	3.0278447357	2.68651742405	2.64860959344
3.1567308348	3.0278447357	2.69446483074	2.65038896612
3.1567308348	3.0278447357	2.68731253966	2.6519257161
3.15445383722	3.02843111713	2.64770461107	2.66069641375
3.15596485927	3.01496366764	2.65056223867	2.65665360822
3.15116674439	3.02082588164	2.68827710797	2.64980422492
3.15587760909	3.00968725036	2.66124616714	2.65149195307
3.15418565704	2.99914887494	2.62981452967	2.6593504218
3.15670204214	2.98742444723	2.64400418241	2.65488693843
3.15675428843	2.98683744331	2.65422118972	2.65788555919
3.16393055468	2.977441236	2.63895521988	2.65848018436
3.1592494466	2.9827294643	2.62923866185	2.6579071721
3.15836956865	2.98449078065	2.61195027733	2.66165909318
3.15524237361	2.98801125595	2.63011212841	2.65670169943
3.15502914339	2.98801121874	2.66318198102	2.65216664142
3.15294229939	2.99035623325	2.64011173085	2.65831844133
3.15242033263	2.99094225919	2.61585585976	2.66155871525
3.15189826359	2.99152819402	2.63923617219	2.65998591356
3.15189826359	2.99152819402	2.63941974428	2.65632820011
3.15189826359	2.99152819402	2.65851422235	2.65585855309
3.15189826359	2.99152819402	2.64150618032	2.65814173942
3.15189826359	2.99152819402	2.61800030241	2.6584041704
3.15189826359	2.99152819402	2.61539738601	2.65624736938
3.15189826359	2.99152819402	2.61539738601	2.65624736938
3.15189826359	2.99152819402	2.64146520917	2.65764339744
3.15294229939	2.99035623325	2.64704606786	2.65428324634
3.14127762217	2.98393565496	2.5998263754	2.65794631392
3.13446931577	2.98568460619	2.61431452797	2.66000789119
3.15582956794	2.95705050338	2.65728718401	2.65325975539
3.15906302612	2.9517698893	2.62225274648	2.66266375778
3.15891914996	2.94648735109	2.64906864771	2.66037306398
3.1594709908	2.94707455484	2.62133075373	2.65908226208
3.16295697303	2.92887569322	2.60923219881	2.65484297883
3.16231080007	2.9247639308	2.60508650893	2.65396507046
3.16591420329	2.91007511882	2.60404690744	2.65694846278
3.17605943702	2.88476488174	2.59658539666	2.66011854973
3.18687280589	2.86586588589	2.60083577301	2.66902981202
3.18363567958	2.85402972635	2.59372135111	2.66129322495
3.15145272091	2.89111626408	2.57916311128	2.66821965674
3.16617085605	2.87409012252	2.59481782279	2.65507442016
3.16215458437	2.87879436189	2.58081573045	2.66330774263
3.16315926801	2.87761882785	2.57239389284	2.66611394469
3.16366145594	2.87703092933	2.5760328689	2.66206485057
3.16366145594	2.87703092933	2.57596090127	2.66056656751
3.16366145594	2.87703092933	2.58170714092	2.66097931621
3.16366145594	2.87703092933	2.57331565004	2.66510474669
3.16366145594	2.87703092933	2.5727508125	2.66328075198
3.16366145594	2.87703092933	2.57393402081	2.66830735395
3.16366145594	2.87703092933	2.57608084636	2.6630636861
3.16366145594	2.87703092933	2.56956476837	2.66649433352
3.16366145594	2.87703092933	2.58074544574	2.66082728997
3.16366145594	2.87703092933	2.56675164903	2.66753650811
3.16366145594	2.87703092933	2.57401346629	2.65976311798
3.16366145594	2.87703092933	2.58034853221	2.66249927915
3.16366145594	2.87703092933	2.570081627	2.66731946293
3.16366145594	2.87703092933	2.57151220335	2.66729778305
3.16366145594	2.87703092933	2.57906188969	2.66551749539
3.16366145594	2.87703092933	2.57600888016	2.6615654328
3.16366145594	2.87703092933	2.57183709479	2.66412756128
3.16366145594	2.87703092933	2.57418138885	2.6632590721
3.16352385059	2.87644294318	2.59992041493	2.6571170353
3.16573456795	2.86234692014	2.57264355107	2.66243539154
3.18303999507	2.82465092135	2.5733940753	2.66144378763
3.17911122245	2.82583341318	2.57232036069	2.66164351336
3.19147054782	2.80572653716	2.56517829658	2.66093312761
3.19293915715	2.80394776482	2.55958545115	2.66209436559
3.19049095759	2.80691195808	2.56801712642	2.66217846033
3.19000100733	2.80750454029	2.56795339796	2.66033674653
3.19049095759	2.80691195808	2.56617591432	2.66389141118
3.18633344758	2.80750390018	2.5633941396	2.66229286895
3.18774076602	2.80750496455	2.56481465781	2.66275518073
3.1852894642	2.81046462001	2.56434617779	2.66522193075
3.18430822045	2.81164788304	2.56011331001	2.66664859625
3.18479889395	2.81105629434	2.56381401411	2.66355944501
3.18185631691	2.81105629434	2.56125415501	2.66046544618
3.18102060026	2.80455996277	2.5560014625	2.66999774253
3.1830203732	2.80219535397	2.55599737876	2.66636705688
3.1820420161	2.80337782544	2.55603324627	2.66868167843
3.18155268279	2.80396893309	2.55457417129	2.66738239294
