-0.205	0.0	0.9185576741	-0.00595306084818
-0.205	0.0	0.919048697405	-0.00565741619276
-0.206151443175	-2.00964747568e-07	0.926574441118	-0.00455085061402
-0.230671526618	-0.000255771001177	0.933016281451	-0.0127012723279
-0.230671481587	-0.000260251523894	0.955544329627	-0.0093071841638
-0.245427822451	1.79595870838e-05	0.951163766231	-0.0980078985971
-0.253189393646	3.2309738369e-05	0.983653321585	-0.0986873924326
-0.263765284204	-0.000197293302495	1.02838005316	-0.0997597734285
-0.285286556784	-0.00151974060332	1.07218364397	-0.0993580077146
-0.296657102012	-0.00228767664212	1.13803182915	0.00265220936961
-0.319161508606	-0.00416073499873	1.17707810552	-0.000447094027711
-0.33057933445	-0.00448201323738	1.14766420667	0.0776018345148
-0.34594245297	-0.00414603443107	1.15287992271	0.0764446935101
-0.372426310353	-0.00185085563458	1.17786230831	0.0720214702499
-0.384419383428	-6.5956720643e-05	1.26223140858	-0.0139981773692
-0.411841166379	0.00413729738723	1.28041571573	-0.00947145187501
-0.423496832118	0.00547211237758	1.32305424537	-0.00124539062654
-0.445681217719	0.00679058624845	1.36101181359	-0.0101927494201
-0.458456394733	0.00744451200008	1.4156398625	0.0659002371055
-0.478196250432	0.00763347678389	1.48096782551	0.073929218469
-0.49364685578	0.00868894809207	1.50747303301	0.0675996576718
-0.518014974756	0.010832166686	1.49504415402	0.0639210128789
-0.530167753582	0.0120808072172	1.50684539727	0.0595820071045
-0.557694169673	0.0158318674402	1.51913588211	0.0596355061632
-0.57362871087	0.0180000680682	1.52161840538	-0.0290430430815
-0.593707957563	0.0206815161083	1.55727483529	-0.0189787847493
-0.61789175322	0.0205588995652	1.55003728887	0.0640407575667
-0.630285508178	0.0170708758184	1.5634311795	0.0616671656544
-0.655053085614	0.013682990106	1.57573777481	0.043860414215
-0.678966208556	0.0218718324921	1.60780936093	0.0476205768355
-0.690724811102	0.0256026495433	1.67146018864	-0.0310942466978
-0.71799577227	0.0326508159217	1.70560788992	-0.0308767778563
-0.735612660429	0.0358406165918	1.73822625554	-0.0146004355696
-0.750377092813	0.031578259959	1.71616513392	-0.119363703451
-0.773323945206	0.0274769173103	1.71573110444	-0.122816820285
-0.786517498249	0.0252442419903	1.71913045887	-0.104823974401
-0.811667569989	0.00942990319671	1.75924982629	-0.119158671291
-0.836803164772	-0.00388811228216	1.76406753081	-0.116986876868
-0.853818126419	-0.0153796979844	1.75909189059	-0.11441980574
-0.879224075593	-0.0286649362357	1.89721428099	-0.0241166126054
-0.891382188352	-0.0350155471969	1.91342988854	-0.00245931887528
-0.912936085376	-0.0558586361156	1.91554144012	-0.0198672384859
-0.935823406753	-0.0513912275138	1.92375542564	-0.0177383774368
-0.951094973226	-0.048798823275	1.93646008164	-0.00823496568356
-0.966063385323	-0.0481379263593	1.88373796108	0.0514138211695
-0.980724396908	-0.0475983451987	1.94910467698	-0.00869287920201
-1.00978862976	-0.0401821908993	1.96195567343	-0.0104219392412
-1.02336527255	-0.0331847371879	1.97195535589	-0.0121307664076
-1.04446292181	-0.0313176518186	1.99008023359	-0.015630158106
-1.06607898586	-0.0314715562968	2.01480314328	-0.00801430199901
-1.07626588433	-0.0316236213611	2.02681456954	-0.0175151900985
-1.09981244019	-0.0302333570181	2.0765163903	-0.0129342596283
-1.11785171688	-0.0302333570181	2.05997290263	-0.103683463826
-1.13311260156	-0.0291027133341	2.06238901089	-0.101667595154
-1.15149337333	-0.0317475197451	2.07670454551	-0.0988456298742
-1.15975742683	-0.038913922448	2.09893045202	-0.0982288703613
-1.17990930804	-0.0512345965232	2.15877393679	-0.119170831168
-1.19088917763	-0.0570740422137	2.19986934998	-0.115047510878
-1.20185618344	-0.0659307823236	2.30569535504	-0.115314093979
-1.21827443347	-0.0779053138716	2.37563346263	-0.117720315438
-1.22952180074	-0.0839727258838	2.41567670834	-0.1210526134
-1.24842156288	-0.0884987699649	2.41447534056	-0.123188271834
-1.2559637618	-0.0910670281821	2.41401170896	-0.125950198108
-1.27237628456	-0.0931020486111	2.4181560605	-0.137050644951
-1.28321999609	-0.091977232499	2.40615344	-0.134067633917
-1.29791677897	-0.10129462775	2.40327394488	-0.0441007403945
-1.30790606653	-0.103022803486	2.45000375857	-0.0413582893704
-1.33271591677	-0.101251517108	2.44726417458	-0.0505430578588
-1.35095547606	-0.0994557088363	2.47218454992	-0.0534899265285
-1.37621484866	-0.10129557303	2.48364243082	-0.0480320166295
-1.38948217446	-0.0992284138258	2.46254637104	-0.0510785145515
-1.41602574811	-0.0931271439855	2.47177481847	-0.0510709202411
-1.4323272079	-0.0901376822128	2.486884371	0.0225343868177
-1.45577061251	-0.0873070867465	2.49471991935	-0.0506390988571
-1.46859482517	-0.0868713733055	2.47727253011	-0.0497216405039
-1.49267279874	-0.0819464376366	2.49683734958	0.024763686668
-1.50811074911	-0.0812641416146	2.51607286791	0.0282555137706
-1.52235126075	-0.0785090131343	2.52497954264	0.0262567680026
-1.53104762684	-0.071798231298	2.49869112099	0.0156677760851
-1.546752227	-0.0603784516622	2.51422600038	0.0252885896879
-1.55709307432	-0.0627337193165	2.57075440293	-0.0409812805055
-1.56474556918	-0.0641559645423	2.57141701001	-0.0397512704784
-1.58804406688	-0.0619735503319	2.56747947259	-0.0502853173583
-1.59917496432	-0.0610002475373	2.5835185476	-0.045887425961
-1.62740752759	-0.0558220572492	2.58436693968	-0.050919781483
-1.639742185	-0.053318042224	2.58039497671	-0.0541344516306
-1.65551544011	-0.0523261929215	2.58421790021	-0.0501991822581
-1.67206527522	-0.0400528261072	2.56960715129	0.0145451993402
-1.68173018343	-0.0338770896419	2.60516462245	0.0174990286836
-1.6935769712	-0.0281674810452	2.66520735025	0.0260718582946
-1.69918961852	-0.0182581144244	2.70642180193	0.0307375301391
-1.7101478996	-0.00908713836395	2.72270539338	0.0381440099589
-1.71574188665	-0.00776969343541	2.72078902257	0.0356109207159
-1.7257223937	-0.00750355543879	2.71435349788	0.0363627608214
-1.73028680681	-0.00723734278221	2.76057311264	0.0533125366037
-1.73965397329	-0.00991124801664	2.71676531533	0.045314928243
-1.74578174605	-0.0117919793301	2.71456129545	0.0456381162685
-1.75531889951	-0.0136819671918	2.72715603506	0.0470511960157
-1.76013303185	-0.0142248118816	2.73231393121	0.050557089333
-1.77131466286	-0.0210412555734	2.72527375419	0.0418727521189
-1.77948763097	-0.0221387561282	2.72359748022	0.0397032870807
-1.78590313402	-0.0237928725659	2.72653925342	0.0413433656376
-1.79731712364	-0.01851165566	2.73311807465	0.0415465732093
-1.80272799887	-0.00930960828658	2.71497883715	0.032668377527
-1.81383571057	-0.00484419518476	2.75370661089	0.0441634523204
-1.81894363549	-0.00737937998044	2.75066378854	0.0379559435596
-1.82899948466	-0.00907911742521	2.74755456776	0.0338580939786
-1.83572715871	-0.010785938224	2.7292545519	0.0283580585211
-1.84704981298	-0.00677419885774	2.75165316239	0.0325887108646
-1.85153469504	-0.00476258129518	2.80486508718	0.0384465249512
-1.86109148824	-0.00302832832157	2.77501263994	0.0241174668358
-1.87113657165	0.00858956147078	2.76131498971	0.0232342519263
-1.87774405905	0.0150073073377	2.74586873297	0.0170079527606
-1.8858040756	0.0226261047118	2.74569469191	0.0159288139709
-1.89155063918	0.0335097272151	2.75105677952	0.0123216479095
-1.89970761374	0.0329089054212	2.75828940384	0.0169498373001
-1.91232018752	0.0198345446243	2.78577070834	0.0168915345956
-1.92052911787	0.0132554414159	2.8446750791	0.0239012762025
-1.92606495837	0.00755156038874	2.87413626942	0.0359484399589
-1.93435481619	2.17715010831e-05	2.8858045608	0.0278137323505
-1.93992484807	0.00758852291338	2.89753763071	0.0302550246949
-1.94815223047	0.0191351450165	2.8958258116	0.0318096443872
-1.95221583513	0.0249292585895	2.90902502141	0.0370699634718
-1.96195843811	0.0316510002993	2.9030962499	0.0446757109857
-1.96762026215	0.0208906534215	2.90249096093	0.0462930586092
-1.98338084438	0.0187233993472	2.90724092986	0.036199279274
-1.98774474556	0.0121893950885	2.91516740002	0.0387844622232
-1.99954334924	0.00688085907363	2.92134369159	0.0315511773675
-2.01119564732	0.0128556934221	2.9352921982	0.0270893486164
-2.01731424814	0.0157024881876	2.927475556	0.0188655004963
-2.03181660941	0.0265166069587	2.94608617743	0.0201961688878
-2.03799322776	0.0322752748166	2.94562498487	0.0148928189317
-2.05237942339	0.047391585512	2.96065827706	0.0156031047812
-2.05846617634	0.0525676377276	2.95618488716	0.0127051215085
-2.07838143952	0.0717862212113	2.97491417284	-0.0627379276613
-2.09635755087	0.0846276905177	2.99044492527	-0.0632662339177
-2.11233816182	0.0819534005476	2.99444827406	-0.0689463214497
-2.12282594129	0.0779368891601	2.97480018898	-0.0672813899591
-2.14567198386	0.0792917530058	3.00156390025	-0.0707438989328
-2.16355551855	0.0799605513257	3.04923893673	0.0166835866351
-2.17361998497	0.0799605513257	3.09305803984	0.0280774492957
-2.18007046288	0.0775489457891	3.11741960109	0.0251247860126
-2.19022819334	0.0751251963909	3.14398414478	0.022089213717
-2.20525674874	0.0622512157636	3.15250898289	0.0327884403865
-2.20973490834	0.0608516617152	3.14805659327	0.0364928777807
-2.21638278982	0.0566394341512	3.15848953921	0.0416790353091
-2.21638021846	0.0503207555503	3.15920553141	0.0398591227603
-2.22461965392	0.0499640682576	3.15493039773	0.0393737743222
-2.22740021488	0.0478475076609	3.16571382118	0.0365116906252
-2.23076937222	0.0496090913644	3.15825905804	0.0377734173661
-2.23738965613	0.0542205728262	3.16483203004	0.0349694910554
-2.24777430135	0.0595505206283	3.17766505945	0.0325173348201
-2.26664998373	0.076767763374	3.21375162398	-0.0328950516674
-2.27485374727	0.0774895539111	3.22448198366	-0.0336671611943
-2.28997132216	0.0745821650902	3.22827626843	-0.0370750588735
-2.3068807956	0.0727493478725	3.23035745557	-0.0386467274978
-2.32461289181	0.0742275494057	3.23976515532	-0.0386940274562
-2.33383736008	0.0738559983207	3.23765602093	-0.039689590413
-2.35590809234	0.076851431667	3.23819235763	-0.0409685211268
-2.36829904198	0.0749656504356	3.24222684072	-0.044800089066
-2.39181963835	0.0791662180436	3.24628172846	-0.0479185859635
-2.40257967141	0.0845361651796	3.25138664891	-0.050748351427
-2.42086875029	0.0941839229253	3.20447871561	0.01846037256
-2.43774698978	0.0902938454039	3.21637930543	0.0193746568497
-2.44233346946	0.0875604929459	3.21396131986	0.0153788724308
-2.4482538548	0.0930405947012	3.22547144595	0.0196598490552
-2.45196982217	0.0918682574138	3.24591715049	0.0192238783755
-2.4552840676	0.0942248006127	3.26815766499	0.0238590399838
-2.46191311914	0.0851733625926	3.3034420146	0.0333706684827
-2.46943278683	0.0725365426762	3.35195046764	0.0429892989416
-2.47442583102	0.0654099749706	3.39838972363	0.0550215693611
-2.47916078828	0.0574751486696	3.40350854285	0.0597013118069
-2.48724333455	0.0582728102377	3.40083403829	0.0556108343994
-2.49080512195	0.059070710329	3.40508145395	0.062369577501
-2.49769248722	0.0630692931504	3.39524511855	0.0608384318345
-2.50440210206	0.0726948201539	3.39552793116	0.0704439875944
-2.50786733987	0.0763122483714	3.4062253587	0.0738096092188
-2.51565828936	0.0908157085146	3.40775124292	0.0802138095385
-2.5199835877	0.0997019041141	3.40326001692	0.0800896736501
-2.52574835179	0.109012109794	3.40305070049	0.0832173280838
-2.52928099346	0.11185183749	3.40618275342	0.0901135109062
-2.53551109598	0.102502538231	3.42215045887	0.0823417364789
-2.53901477008	0.106163168537	3.40972578815	0.0774511942935
-2.54409058692	0.109837537435	3.41004297956	0.0739195271135
-2.54761071591	0.11555297065	3.42649237456	0.0754959235213
-2.55563512295	0.118834893488	3.42816083539	0.0741483125526
-2.561473083	0.127879912427	3.43867315199	0.0736602062332
-2.56183965824	0.125823363976	3.4586269781	0.0651778810863
-2.57144497696	0.13036144592	3.4675508704	0.0612052974184
-2.57988589033	0.13118684298	3.49769840451	0.0668966972596
-2.58358119117	0.134507354566	3.52482538711	0.0617224845349
-2.59046781181	0.129514864699	3.57865881067	0.0512501191616
-2.59672579267	0.136608722766	3.64077267881	0.0530775880998
-2.60535409821	0.134099974974	3.67604331427	0.0556037652371
-2.61045621628	0.132840499311	3.68670619418	0.0519565891286
-2.61900879317	0.121059545136	3.71581439445	0.0554017802429
-2.62529924196	0.121481968891	3.69572488431	0.0567151116058
-2.63570736102	0.112579163268	3.69504985031	0.057742340844
-2.64037874002	0.113004218762	3.69716573331	0.0610685941915
-2.64277522178	0.110025997334	3.70310826448	0.0592104862295
-2.6569611574	0.118587916767	3.70586392971	0.0605459110002
-2.66173861573	0.119445487581	3.69284943291	-0.0161335897502
-2.67704885571	0.124606605912	3.71252251575	0.0633070621369
-2.68689427304	0.128072107767	3.69125397451	-0.0154493750538
-2.70201849309	0.124160167064	3.71182640089	0.0574754924311
-2.71609921034	0.130728323248	3.66774784478	-0.0132808574345
-2.72112189836	0.125892629118	3.71226541054	0.0501933460867
-2.73383530597	0.136482335798	3.67046391411	-0.0119087354576
-2.74308949675	0.136485149304	3.67967922581	-0.0102519426246
-2.75513585884	0.140041033555	3.67866468588	-0.0117643411512
-2.75588814428	0.135589258939	3.70702255381	0.051272409804
-2.76882883756	0.136037611846	3.6869059914	-0.0186313603816
-2.78110586965	0.136908790162	3.67878904318	-0.00946941500877
-2.78862968173	0.145928229811	3.6754508203	-0.00840713186489
-2.80835561023	0.143215679828	3.71962646867	0.0552917660619
-2.82778739907	0.153274019123	3.72737137926	0.0586827718211
-2.83080425155	0.154190607093	3.71067696209	0.0585689267377
-2.84015956453	0.150980793031	3.72027374324	0.0614213483265
-2.84357827167	0.157426956494	3.70661607368	-0.0152525752507
-2.84744990754	0.161115313792	3.72244338623	-0.0116774203917
-2.86583588565	0.169920620125	3.75965462341	-0.0149237119312
-2.87444436619	0.16526181486	3.78028530224	-0.0141069340991
-2.89573850233	0.165735265617	3.80566796354	-0.0189878071695
-2.90135488857	0.163851398804	3.79349673162	-0.0222277378419
-2.90314234253	0.153023744575	3.74390363453	0.0413915277534
-2.91761408496	0.158699881109	3.7972173624	-0.0364084851079
-2.92684293129	0.162003581064	3.76479754116	0.0409731990974
-2.94718311754	0.16630753361	3.78028376429	0.0453441179174
-2.95679073018	0.158156063416	3.78276799458	0.0391316406127
-2.96418678436	0.162969557245	3.83283801501	0.0485355439007
-2.96592937223	0.157187816312	3.87265330741	0.0575552857738
-2.96813457411	0.158154098428	3.92441448168	0.0632967355248
-2.97184191789	0.156705404934	3.9493213064	0.0683373775851
-2.97861268271	0.142679792991	3.94362768185	0.0543282505199
-2.98567212235	0.135402291413	3.95337872388	0.0616084569481
-2.99057536347	0.130056161773	3.95414039651	0.065305668744
-2.99096958075	0.12422158443	3.94569324391	0.0631435149864
-2.99410438026	0.12373571872	3.95944579566	0.0716215075802
-2.99683413849	0.121786680642	3.93984237456	0.0732666542281
-3.00145316622	0.11544451084	3.94528349064	0.0766145093832
-3.0019062717	0.11056345711	3.95788804013	0.08012019433
-3.00184799741	0.112027898587	3.94716025678	0.0754326986985
-3.0069064814	0.113493738433	3.95616597426	0.0767098536329
-3.01202349778	0.108106108065	3.96464159657	0.0781564338447
-3.02467850263	0.102698109301	3.96350582512	0.0742155154615
-3.03122219142	0.105656648293	3.96165429591	0.0721087142041
-3.04252855261	0.111101431985	3.97463791333	0.0684762026389
-3.05463903037	0.119547013754	3.98344300322	0.0635257478965
-3.06276417728	0.12303669873	3.99068931915	0.0591865779058
-3.06942895153	0.129533306883	3.99992064694	0.0593238794075
-3.07666091701	0.1280303367	4.02448991752	0.0632290032411
-3.08749640099	0.126020863624	4.07302364837	0.0607862602397
-3.09824518671	0.124001958216	4.12252417149	0.0575743523267
-3.10555925859	0.123496677172	4.17850475956	0.0617387789594
-3.1134185876	0.114869418498	4.229482688	0.06229249055
-3.11382616266	0.105223981892	4.26457689385	0.0645974016904
-3.11961838168	0.107767506964	4.27083973692	0.063243381381
-3.11975017412	0.114383238154	4.26949700585	0.069264269207
-3.11989495757	0.112857018263	4.28448129527	0.0733041366461
-3.12273250082	0.113366260376	4.27388838419	0.0754600615883
-3.12886667137	0.111325534906	4.28332862668	0.0794027149724
-3.13528911645	0.103658528543	4.2980986239	0.0803605031836
-3.14408006229	0.0985316239107	4.29150455563	0.0769436894429
-3.16042535362	0.106780735153	4.29798309541	0.0762337741685
-3.16720607464	0.106780735153	4.29983513665	0.0755448372576
-3.18346547776	0.10159505362	4.30119565981	0.0692624705611
-3.19054021794	0.104200468304	4.30231820001	0.0699698623454
-3.19763409838	0.100022828339	4.29751923696	0.0670157748144
-3.20870456516	0.100549486788	4.30558202745	0.0642393675102
-3.22045221946	0.107377131914	4.31798863923	-0.0121948404691
-3.22874677107	0.112652367586	4.30142977916	0.0641121028405
-3.24798844069	0.115834708654	4.32356098205	-0.0113881499139
-3.26281412956	0.120632989929	4.30483164544	0.0555559130364
-3.28364630711	0.124373390529	4.33335389412	-0.0118611588309
-3.29007997927	0.115758684549	4.30753698903	0.0632742822621
-3.30225835609	0.117382922143	4.33095108269	-0.0138567965927
-3.31633155055	0.117381619594	4.33070620252	-0.0132378983958
-3.33064281994	0.12119822879	4.32987694157	-0.0159434004974
-3.34332797428	0.118460801998	4.30425370442	0.0541208428934
-3.36154943984	0.113506600111	4.32944844393	-0.0181843451796
-3.37784633735	0.104662302543	4.30990898985	0.0469123927092
-3.38547907289	0.115766410462	4.3248667147	-0.0219825790579
-3.38552488303	0.109660446883	4.30605857583	0.0435498331762
-3.39061412987	0.11410147932	4.32015960627	0.0484893852671
-3.39438684765	0.113544828036	4.31451071837	0.0509881539409
-3.39940076437	0.104076477247	4.31541416852	0.0445131882749
-3.40527794006	0.111893550653	4.31744556354	0.0465108934158
-3.41184952458	0.0945503745834	4.31791092592	0.039916445314
-3.41205579791	0.0872740266855	4.32499391042	0.0381608768923
-3.41198942515	0.0911921704869	4.3260819755	0.0415205049831
-3.41627426613	0.0889532474639	4.33877518974	0.0416567262844
-3.42058500529	0.0872690993279	4.3356445106	0.0440197389084
-3.4252086938	0.0782768971357	4.31601845757	0.0409026192698
-3.42744980119	0.0636555346562	4.32967033385	0.0398350043997
-3.42761365618	0.0681552171358	4.32286829354	0.0410652131325
-3.42983776875	0.0698429587671	4.32646666027	0.0402261619842
-3.43450930073	0.0726606319359	4.32574285574	0.0430764469349
-3.44465813454	0.0624923366087	4.32454767495	0.0410898469267
-3.45274602643	0.0511641162716	4.31874982702	0.0367869790961
-3.45706868768	0.0528669026237	4.31057448062	0.0339329077671
-3.46481576623	0.0562773661801	4.329667856	0.0366841279215
-3.47017929565	0.0568477098114	4.32319758333	0.0350407205904
-3.47380542125	0.0488618858899	4.31583480763	0.0290658219582
-3.47993268181	0.066577979626	4.33368357906	0.0308225725823
-3.48728700708	0.0677244251323	4.33360932814	0.0306386903588
-3.49138575845	0.0734603593043	4.32820262945	0.025668330013
-3.49526074066	0.0843656473875	4.33064445409	0.0294643350369
-3.50069223838	0.082067579421	4.3390133746	0.0293362561331
-3.50375965778	0.0768863392375	4.34064891711	0.0304738336674
-3.50992732463	0.0757316347957	4.34642095897	0.031926940137
-3.51765624925	0.0583962400925	4.34187100413	0.0306840030225
-3.52122561049	0.0514508713376	4.35501890551	0.0379431070866
-3.52237804381	0.0485558424061	4.40184344938	0.0436156719341
-3.52233440769	0.0514507820199	4.44304171238	0.0442921999226
-3.52233440769	0.0514507820199	4.50213990374	0.0581218126161
-3.52233440769	0.0514507820199	4.55967922886	0.0668845905076
-3.52233440769	0.0514507820199	4.55837347204	0.0555969883311
-3.52233440769	0.0514507820199	4.56527890776	0.0598901536331
-3.52233440769	0.0514507820199	4.57123299971	0.0635004128061
-3.52420180324	0.0520298322996	4.57603932603	0.0700607548932
-3.52458561764	0.0520298322996	4.57784823457	0.0735462071343
-3.52851456567	0.0543506470247	4.58029923266	0.0738369981566
-3.52859032113	0.0549307907875	4.59176055669	0.0753929396475
-3.52853097538	0.0584112156777	4.59169940555	0.0736002001553
-3.52853097538	0.0584112156777	4.59370625603	0.0735550283698
-3.52853097538	0.0584112156777	4.61401311886	0.0759340509306
-3.52853097538	0.0584112156777	4.61210447662	0.0721943159814
-3.52853097538	0.0584112156777	4.63583290103	0.0755719163543
-3.52853097538	0.0584112156777	4.64428158172	0.0789624764539
-3.52853097538	0.0584112156777	4.68303884756	0.0795349968312
-3.52853097538	0.0584112156777	4.75915776168	0.0823354156363
-3.52853097538	0.0584112156777	4.91362368171	0.100402645766
-3.52852073008	0.0589912803682	4.94032573227	0.0929334424146
-3.53585584968	0.0589912803682	4.93363837438	0.0930032237073
-3.54462790774	0.0706455405131	4.93780454741	0.0974720873274
-3.55667147969	0.0811779814093	4.94716590521	0.10282161653
-3.55676164051	0.0893681387375	4.96174904819	0.105949923043
-3.56584524203	0.0893778073725	4.96099583661	0.111853265967
-3.57287394377	0.105837542617	4.97133999122	0.0154449025803
-3.59304224769	0.121166874292	4.99344081618	0.0334080198398
-3.62570720356	0.125904566435	4.95227370665	0.102284288172
-3.65210696858	0.121104084002	5.00016546596	0.0249617335886
-3.66195480304	0.127137798922	4.98507621811	0.0196093206222
-3.68358810163	0.145304606268	4.98643800851	0.0242339288606
-3.69918686454	0.143476458479	4.98761969378	0.0228464641955
-3.71506874418	0.144087609494	4.98021249848	0.0227314924308
-3.71603097799	0.13489622467	4.95348217836	0.0823864021234
-3.73520619335	0.149051893161	4.99632012845	0.0140558290519
-3.74672062209	0.149046266149	4.99843430613	0.013160701318
-3.75883285475	0.145935379036	4.99730807488	-0.0835742492902
-3.76760300535	0.153395109335	5.00356153484	-0.0793358575574
-3.77571023886	0.155264750042	4.99051820628	0.012159360527
-3.78219863077	0.152142473555	5.00578373514	0.0128043087668
-3.79605239534	0.155277418263	4.98551112455	0.0156496832266
-3.79817757244	0.130826561597	4.95992256198	0.078472291278
-3.79885799288	0.13772652321	4.94827656468	0.0796797928176
-3.81176107169	0.137110498816	4.99565512917	0.0100627960583
-3.8187495893	0.149087024564	5.02291045828	0.0109749025034
-3.81870105419	0.139626792196	4.99706841487	-0.0840454901053
-3.82021034967	0.127639277525	5.00040298533	-0.0887304314071
-3.83210088357	0.131435555983	4.99941832936	0.0113246908749
-3.83724129318	0.130802743637	4.9996144014	0.00989775497199
-3.83720501479	0.116857442211	4.96247236858	0.0812928453487
-3.85270772295	0.117496121073	4.99430325013	0.0110116734842
-3.86279634634	0.123239839738	4.98722353625	0.012379208404
-3.87676597042	0.139258419928	4.98635975813	0.0150269890248
-3.87862955216	0.113619700826	4.95162427662	0.0718427657124
-3.88213585849	0.120033212398	4.96866891406	0.0770737219862
-3.88923671591	0.139967410902	4.9910913148	0.00708875604255
-3.88872263253	0.135466996915	4.98350588981	0.00564238743184
-3.90189069005	0.149007418668	4.98775831856	0.00741619078464
-3.90408888367	0.113504935917	4.97986126225	0.00431560936615
-3.90420564108	0.121898563161	5.00132943868	0.0145943454137
-3.90433126461	0.118024697942	5.00246340077	0.00682234711133
-3.90428984085	0.119316000939	4.99360104292	0.00449460303049
-3.90424796633	0.120607289398	4.97822742845	0.00659981497535
-3.90426895993	0.119961646995	5.0107739829	0.0125796647818
-3.90433126461	0.118024697942	4.99497503405	0.0111145690422
-3.90435180746	0.11737904104	4.99941596275	0.011643544729
-3.90435180746	0.11737904104	4.98806952481	0.0101547296878
-3.90435180746	0.11737904104	4.99349162328	0.0110772549159
-3.90435180746	0.11737904104	4.99694832211	0.0113709135643
-3.90435180746	0.11737904104	4.98953268381	0.0111398141949
-3.90433126461	0.118024697942	4.99251046899	0.010694801059
-3.91767133229	0.130985137388	4.98608114732	0.00581579745627
-3.91687119665	0.120620166023	4.98688231277	0.00806153739235
-3.92334850141	0.128397816643	4.9686501343	0.0752747655923
-3.93544641093	0.13946543508	4.99826344268	0.00218368392781
-3.94159860315	0.136855997073	4.99933061467	0.00594046184347
-3.95596497929	0.14929187101	4.98007941937	0.00483235931366
-3.95728615154	0.132265956832	4.95791735602	0.0608898657415
-3.97040723244	0.153936718066	4.99769000048	0.00150832056963
-3.97517962787	0.161172913662	4.99533679763	0.00264951866905
-3.99412785145	0.159845199514	5.00135358595	0.00591824305188
-4.01566920047	0.149231283923	5.00177903366	0.00182586219368
-4.03267038678	0.153898259408	5.00859382094	0.00118671763774
-4.04498356706	0.149878728653	5.00396793099	0.00319799236906
-4.0576563825	0.141815568849	4.99612480034	0.00397803193101
-4.07612688799	0.135746293049	5.00702022167	-0.00106331941279
-4.09508962792	0.133707835257	5.02586153025	0.00458836533449
-4.10108998133	0.130308917667	4.99978273635	-0.0012578196217
-4.10118283702	0.124868943652	4.9947782374	-0.0047303186478
-4.11784320123	0.133063509944	5.00382409513	-0.00313487144544
-4.1271759827	0.124166696932	5.00155610841	-0.00417116108802
-4.1413888155	0.137907860123	5.00535613817	-0.00811527271055
-4.14273230974	0.131035282384	4.96811419928	0.0510947888862
-4.14328924637	0.142033600172	4.97596944364	0.0557177589665
-4.15977534821	0.141341369057	5.02842601703	-0.0253303722836
-4.17865001437	0.156561598957	5.03431637165	0.0608526129302
-4.20023057919	0.178826402126	5.05752873239	0.069071790896
-4.21682002115	0.19703112269	5.09112489992	0.0746566599746
-4.22829449052	0.215290407938	5.1347292057	0.0980114529433
-4.24898854802	0.252659027653	5.17336742886	0.108807080177
-4.26876599113	0.278862478212	5.19180414265	0.106061180565
-4.27986547328	0.28668618185	5.19487784541	0.107370555849
-4.30238547043	0.358104366228	5.20411681348	0.124240038999
-4.32043286311	0.385357371794	5.22520277736	0.138917116799
-4.33107317068	0.399042117567	5.1923053091	0.127556873227
-4.34934437279	0.449635492915	5.20136681779	0.136303315235
-4.3626353484	0.473575274487	5.19251126287	0.137210214696
-4.36154790359	0.481556156169	5.27309374358	0.109190449071
-4.37242866576	0.489550953029	5.22172166842	0.146880931894
-4.38751077797	0.499766438355	5.20989184262	0.157509039652
-4.39822534117	0.494643817595	5.22231291195	0.155826266219
-4.41630816831	0.526934777685	5.2238271363	0.161749468551
-4.43794289961	0.561620402785	5.23724238004	0.16795335147
-4.4477499226	0.579397423167	5.25650440294	0.197787754655
-4.46615690431	0.604639911601	5.31584846714	0.241910957302
-4.47702904579	0.631481310648	5.42856420589	0.256197146817
-4.49053177266	0.644190713832	5.52699168561	0.194983601673
-4.50001094701	0.704124263978	5.53726429021	0.213853287671
-4.50865588649	0.692108903785	5.53663923706	0.222564210182
-4.53653990684	0.673228169576	5.5520865722	0.25413206375
-4.54918864152	0.651248690805	5.56213977934	0.297838531427
-4.57633963527	0.632208585442	5.59826967427	0.341724846318
-4.59630629256	0.613835245303	5.58717544186	0.392000131612
-4.61045244555	0.600022773453	5.62115317335	0.442297425177
-4.61884942969	0.633923963077	5.68547013075	0.499790551269
-4.63274287629	0.61769962314	5.4098853551	0.496348954852
-4.65688938897	0.598292182733	5.42070681255	0.512950222229
-4.67193970745	0.609989380236	5.43242583822	0.523146617305
-4.66937139046	0.705952538485	5.47847524734	0.580284252846
-4.666422556	0.727761621899	5.461401238	0.630161970649
-4.66667632092	0.726204247334	5.47693945675	0.714178331536
-4.66697065688	0.723868064295	5.46920400548	0.752622038095
-4.67485670308	0.722306375146	5.46967064521	0.77141581524
-4.67709491625	0.706700156156	5.46892732476	0.772809605299
-4.67784117416	0.710603582533	5.46052459492	0.774178318109
-4.6772193525	0.71450660173	5.46061088488	0.771655382223
-4.69476616432	0.719983735711	5.57410806797	0.791540398671
-4.71420584231	0.70821278832	5.66948270891	0.770557179122
-4.72233393791	0.731875417801	5.67777545871	0.792142156512
-4.71878999138	0.835242188405	5.45841000195	0.774079093757
-4.7191196696	0.837605786442	5.46751266539	0.787424143008
-4.71731284691	0.847058203266	5.46092766742	0.784429815119
-4.72720361105	0.845483176461	5.47256232025	0.797371044489
-4.7358283332	0.856556624596	5.47781436414	0.797357320316
-4.73816013945	0.975426405168	5.48661865224	0.792829180552
-4.73575643068	1.0593638965	5.48822798403	0.802907069125
-4.73474564901	1.12982859853	5.48754003139	0.801509722062
-4.72359773482	1.17246682105	5.48181183788	0.807570828955
-4.7233056655	1.1771990615	5.48476225773	0.810832387201
-4.7228518242	1.17877617596	5.48878144618	0.823319111696
-4.72239743242	1.18035311701	5.50039552229	0.847439264855
-4.72177878176	1.18271825887	5.46756006242	0.837021314719
-4.72251050266	1.18350656747	5.55871710622	0.912912615453
-4.73141328144	1.19377893356	5.47649621592	0.903497529677
-4.73864954828	1.24445386092	5.4748104857	0.93081022596
-4.74193338718	1.26267640341	5.4549213939	0.951054645461
-4.7395556949	1.28722815181	5.45369627647	0.974467398864
-4.73604377377	1.30146924471	5.54494099983	0.959245886871
-4.74179947954	1.29909580615	5.45946625086	0.966356866599
-4.74903262771	1.30940925073	5.54572823387	0.965469291835
-4.74867274125	1.34512060275	5.52786993108	0.96992901445
-4.75444561571	1.41667919749	5.52310542343	0.976105866467
-4.73557854709	1.4983506636	5.52356512439	1.03292516793
-4.73115556123	1.51178667225	5.46176656728	0.994919353314
-4.73099459882	1.51494678148	5.44584364842	0.986305313398
-4.7327994312	1.5094161588	5.44990828479	0.989443571539
-4.73709298305	1.51494785329	5.45296820617	1.00811153435
-4.74090564172	1.54664385819	5.45880650892	1.00861947585
-4.72849326277	1.61944929105	5.45637563367	0.999891199673
-4.72121635976	1.65807570947	5.44941710138	1.00948251919
-4.72520273647	1.67860495144	5.45836646714	1.0361659768
-4.71799339251	1.74248052074	5.45000016805	1.05044553072
-4.71431811831	1.80002449897	5.45977571366	1.09442253282
-4.69835144065	1.87001010485	5.48620758408	1.11520978632
-4.68559490081	1.928010032	5.47807869313	1.10096032032
-4.66005776366	2.0185370013	5.47609015941	1.09156059684
-4.64704342724	2.06127187131	5.53396067014	1.16945079716
-4.62039243198	2.13705198417	5.47285167916	1.09716276612
-4.61063062882	2.19256395177	5.48746004173	1.12685001949
-4.6090913047	2.2079505509	5.48128443679	1.09066036169
-4.56243784385	2.33039891845	5.47784941082	1.09053905564
-4.5443245815	2.3820431021	5.47329244168	1.08958614022
-4.52941972309	2.42743733756	5.5319447653	1.1564129694
-4.46942551391	2.55571042974	5.47884720562	1.09155008269
-4.44860136795	2.60849537793	5.4928293114	1.1204661305
-4.4125343582	2.68082770047	5.47337300237	1.08954190277
-4.38832460307	2.72475030009	5.51667283472	1.16762525905
-4.39075706456	2.72913511025	5.52566505428	1.16079169626
-4.36890850145	2.7947225575	5.48237705246	1.11939863421
-4.36859198477	2.81508954496	5.47942569157	1.10001094257
-4.328712722	2.8867368658	5.4726204977	1.09541242407
-4.28753459747	2.97567686696	5.47243747936	1.12102905119
-4.25088475854	3.03387210918	5.49774661212	1.16863082957
-4.22097462311	3.07749283572	5.47907262365	1.16476400959
-4.20949885912	3.10552035668	5.5355392556	1.24021044357
-4.18899615231	3.1417914691	5.4637650165	1.19012658153
-4.11796850391	3.25429439552	5.44848877248	1.23367604858
-4.06041305424	3.33501727478	5.4334056482	1.30654213363
-4.02599791095	3.38260888115	5.5225690092	1.32330554104
-4.00017341002	3.41719304324	5.44775685659	1.30337774144
-3.92273227988	3.5202521855	5.51622366361	1.33249104132
-3.9100074754	3.54099178247	5.43424513618	1.30547409426
-3.86192700423	3.60790913807	5.43678554923	1.30564863096
-3.76055322836	3.71937636838	5.50897151673	1.3378042715
-3.72504497318	3.75768617813	5.49411456927	1.33681826143
-3.68319004124	3.7980031434	5.49047670603	1.3921597512
-3.68782758046	3.79375089918	5.50667313442	1.4379445802
-3.68782758046	3.79375089918	5.58733214588	1.43757430221
-3.68716539298	3.79435870948	5.49555234485	1.41368269804
-3.68363590882	3.79861014423	5.43146193589	1.35903818095
-3.69719735087	3.79861014423	5.51457235025	1.4292993043
-3.68054735187	3.82720722691	5.45339912552	1.37924329761
-3.62230382962	3.89530555507	5.44439874167	1.34414575042
-3.52108918315	3.99406502427	5.42726101965	1.36242300718
-3.48228149228	4.02975882162	5.50831145414	1.47037984815
-3.48878462854	4.02918271765	5.4154788739	1.46172007086
-3.48620328206	4.04410714493	5.41237850043	1.48743823671
-3.45262613283	4.08002923534	5.40843370896	1.52463430269
-3.37747128295	4.14844411786	5.39905730304	1.52192179073
-3.35452790027	4.17108217076	5.4920521112	1.50538559967
-3.29184557434	4.22662518013	5.48693427588	1.51116738474
-3.27049495546	4.25351015628	5.48007745959	1.50502037302
-3.21213723783	4.31141218263	5.48045297009	1.51182785673
-3.04663293652	4.44890778519	5.47341665967	1.53228869067
-2.97846466327	4.50338021931	5.47335730707	1.54452640728
-2.92824763995	4.54326025311	5.38711046125	1.53186552469
-2.84269170199	4.6051587431	5.38362250383	1.52948486945
-2.77890301431	4.64475288347	5.38081164627	1.53346099511
-2.7489035588	4.66576659739	5.45737423689	1.6004506112
-2.68851118645	4.70575747739	5.38852642607	1.53511477387
-2.63186904134	4.74310990508	5.39088322855	1.54409262495
-2.58172935534	4.774575046	5.38765514385	1.55311625044
-2.46813510709	4.83779827103	5.38106341444	1.64624643411
-2.37169687892	4.88658040176	5.4716396639	1.70950017497
-2.32778820552	4.90868298643	5.36707415504	1.72708374957
-2.28283295016	4.93663708942	5.36608247131	1.7630599136
-2.25190054673	4.95104768848	5.36805054193	1.80147609684
-2.14656221555	5.00366991811	5.35810616667	1.784487708
-2.08847771683	5.03178976266	5.359946423	1.78281729742
-2.04376652972	5.05393152761	5.35637428907	1.79009556482
-1.98618503433	5.08183274367	5.34992928898	1.79944622032
-1.86320754898	5.13467403892	5.34832847364	1.81625640868
-1.83293320623	5.14788707225	5.34890828005	1.8102312612
-1.80699089609	5.15833068931	5.35020499705	1.81670697887
-1.73040019018	5.18594769364	5.34409889563	1.81162519097
-1.71220320477	5.19337526267	5.35611960114	1.83753675384
-1.61211142468	5.22520631124	5.34099753183	1.8291074857
-1.59404756563	5.23229614073	5.34186992983	1.83758604213
-1.54579199444	5.24709436288	5.33839543533	1.85186523964
-1.50045758374	5.25995263185	5.33718903779	1.88067932858
-1.47902084181	5.26646846217	5.32431441368	1.92705146898
-1.46437634113	5.2713187546	5.30404900967	1.99791860573
-1.43510263391	5.27959316007	5.30731425638	2.01021319217
-1.39202775013	5.29097607368	5.29553804574	2.02937753725
-1.35932279175	5.29978253322	5.29732144109	2.01396318693
-1.33385942601	5.30717027065	5.29049651521	2.01539664721
-1.31165326744	5.31322943264	5.29097856472	2.01456982679
-1.25296147458	5.32717880194	5.28599418498	2.0222015564
-1.22386181322	5.33368573978	5.28302578259	2.01226657875
-1.21285773776	5.33687620582	5.28221010952	2.01675193707
-1.20491910724	5.33897331954	5.28009321192	2.0203579257
-1.18767529444	5.34348380871	5.28712330189	2.01200868262
-1.16862824062	5.34670857915	5.27680650095	2.02290044212
-1.1725387095	5.34772870488	5.35307850052	2.10122654305
-1.14882410238	5.3542502145	5.35285580913	2.12284127284
-1.13908414591	5.35754341663	5.34243372932	2.11893072883
-1.16581700443	5.35323820927	5.43657477876	2.17035457623
-1.14445752869	5.35755342763	5.43865127328	2.19607646213
-1.13890089985	5.3591916283	5.43595556787	2.18128159553
-1.14864306893	5.35787972377	5.44496413471	2.2182103172
-1.16562312569	5.35604338908	5.43089294525	2.23556386557
-1.22461564982	5.34617724289	5.44029343701	2.23933158562
-1.26218877158	5.33947727172	5.44705914367	2.21268893731
-1.25337239601	5.34242570658	5.44047801744	2.22931833017
-1.29579673118	5.33476665102	5.44387695464	2.24187193858
-1.30059429938	5.33534028987	5.43621805754	2.23209858448
-1.32483658828	5.33031372477	5.4382320444	2.22106776856
-1.31441150099	5.33421297092	5.42868725755	2.26016909141
-1.34728931836	5.32869441871	5.42798662339	2.27541314085
-1.34617834208	5.32969104861	5.43148487713	2.31411971457
-1.36403275752	5.32827111016	5.41316643745	2.35665561916
-1.39013945051	5.32437776447	5.40867142613	2.43102580598
-1.41247078774	5.32207045356	5.4032719623	2.48855717467
-1.43633905849	5.31801642635	5.38714851283	2.54633416418
-1.46731169436	5.3112642948	5.39788340039	2.54687228435
-1.44927598129	5.31563996112	5.38883341028	2.57448772733
-1.45205907317	5.31498773111	5.39415271212	2.56212340192
-1.46348821233	5.31498511857	5.39768507632	2.55822754741
-1.48474259688	5.31099090391	5.4019736649	2.56015435501
-1.50943624322	5.30850546127	5.41718930962	2.56374476911
-1.52360907978	5.30713096601	5.41918383371	2.58077325525
-1.52388552725	5.30920698273	5.40817089735	2.57094245266
-1.56364965912	5.30217011034	5.41161552048	2.64222091323
-1.60701538983	5.29299811899	5.41006704347	2.56913651892
-1.64309557619	5.2853008936	5.42547027624	2.56489672993
-1.6457348179	5.28454725105	5.42737133159	2.58559760674
-1.63412157901	5.29131114605	5.4196289832	2.57381016246
-1.65039106743	5.28879973475	5.41129220819	2.56806314953
-1.65478619492	5.28955815188	5.40818920241	2.58060198221
-1.67915820303	5.28495919803	5.40826608833	2.56712767767
-1.68557125095	5.28315428235	5.40556041755	2.58138465011
-1.6692406037	5.28880680572	5.39701317211	2.57641142082
-1.67705994909	5.28906497778	5.40168422985	2.53282112216
-1.69582166039	5.28544043659	5.3144001245	2.49079899868
-1.70650436957	5.28230728089	5.2422715209	2.43073777007
-1.68558291147	5.29436466329	5.25108382793	2.41730765085
-1.66115869151	5.30360565558	5.24436448707	2.43379766681
-1.64450539064	5.30941631998	5.24707866429	2.41855942105
-1.60884944782	5.32261297574	5.31668178111	2.49636465042
-1.60863236459	5.32482290578	5.24546153258	2.44176126018
-1.60092731309	5.33021178588	5.24726897336	2.44550047332
-1.60084248527	5.33436431117	5.25010561651	2.42878555565
-1.55878878826	5.34783852511	5.25524825758	2.43100121383
-1.51963073693	5.36066708893	5.24985120628	2.43381432538
-1.50280292992	5.36751496975	5.25205733755	2.42941787503
-1.48840877351	5.37202640251	5.25065957947	2.4284121857
-1.47382772935	5.37714774404	5.25086597067	2.42525674854
-1.452479059	5.38375329844	5.25641558277	2.43332338571
-1.42877719126	5.39152747698	5.25488824419	2.43542845693
-1.41647105645	5.39599778412	5.25804823608	2.42430245537
-1.37106596417	5.40869127928	5.25804785955	2.43611161678
-1.35199799226	5.41435383802	5.2559261889	2.44158617053
-1.33768211827	5.41874117361	5.25754303558	2.44131182215
-1.33854255767	5.41854341564	5.25703442691	2.43966895004
-1.34469212823	5.4205337376	5.26084030052	2.43325540724
-1.33760781593	5.42172263289	5.2599221386	2.44025905946
-1.31056900201	5.42758561822	5.25364963378	2.45402271273
-1.31570461857	5.42719823982	5.2397068105	2.51276901712
-1.3227475431	5.42797657043	5.23141356903	2.53249495802
-1.31474654826	5.43287247197	5.21291696722	2.5848470173
-1.29511408063	5.44157131486	5.1918760534	2.61948881572
-1.25978281139	5.45098347126	5.18179211026	2.64420264079
-1.18873204574	5.46525129095	5.17222074355	2.65889686145
-1.1842934371	5.46714147381	5.15890876612	2.65517507209
-1.1986491517	5.46732245449	5.16203462195	2.64824965406
-1.18936997788	5.47252398207	5.15387545696	2.66088437705
-1.15242192085	5.48322286824	5.14914205167	2.66375686863
-1.09178528539	5.49689883625	5.20303238524	2.69916632932
-1.05676421187	5.50498641794	5.15000375739	2.65866045525
-1.0100485405	5.51384417149	5.14619792964	2.65978546147
-0.995654986789	5.51933968947	5.13928725876	2.69930951753
-0.940605331657	5.5300555791	5.14204913898	2.67781257906
-0.910186195853	5.53600499677	5.14389814835	2.71586578643
-0.877474328088	5.54145745509	5.14703301396	2.67913396933
-0.79814284341	5.55380987313	5.13059354411	2.69735620504
-0.774590942065	5.55800775733	5.11291715958	2.78006027553
-0.736095414173	5.56333620967	5.16775254861	2.81278271426
-0.673428905674	5.57134424557	5.06113899968	2.81726623391
-0.674647694069	5.5720054287	5.01464662577	2.84866631301
-0.711119502111	5.57126050645	4.9747887536	2.89335456394
-0.680079288258	5.57541040227	4.95882720808	2.89304362017
-0.627128169405	5.57963572222	4.95971644263	2.86919637662
-0.582755707747	5.58501070862	4.95034671339	2.89174224593
-0.571159237672	5.58645783758	4.95934598936	2.88778591753
-0.545076761439	5.58952201459	4.95007631495	2.88879086676
-0.48307098002	5.59438143138	4.98883153674	2.96593170301
-0.431714602572	5.59748192201	4.95107332304	2.90189799273
-0.371642412812	5.60007096627	4.93839212747	2.93078708429
-0.339801149901	5.60162758466	4.94368635848	2.9089680773
-0.330314525318	5.60211111605	4.93705470523	2.91580759001
-0.336692724984	5.60197648036	4.94081133405	2.91678041449
-0.326705093508	5.60222046175	4.92670745985	2.97338235361
-0.326068602184	5.60256101681	4.92968332869	2.93967905764
-0.343212186294	5.60224036753	4.90578705419	2.9927509598
-0.350991606255	5.60204203025	4.91160914595	2.96932556783
-0.321237021224	5.60277839892	4.90926106292	2.96910236816
-0.33251720642	5.60263298131	4.90452920511	2.93713440386
-0.346569193097	5.60246420314	4.88953692014	2.9525487009
-0.336954426771	5.60301589603	4.87913920343	2.96434278012
-0.346565731537	5.60280101049	4.87052309409	2.9493959743
-0.327223572103	5.60328547966	4.83588310397	3.05656207113
-0.350309604926	5.60272486838	4.73406683659	2.97453912015
-0.357617551301	5.60249108158	4.70932185317	2.98197507765
-0.367352859477	5.60221625519	4.69301461107	2.98181574604
-0.365144505608	5.60230160403	4.70535956253	2.95842093671
-0.343186544346	5.60309848116	4.70439523952	2.95577100338
-0.342248331249	5.60309830253	4.69681064718	2.95591346329
-0.34199619012	5.60349510183	4.70827142553	2.9497615279
-0.319771709374	5.60450243589	4.71195476881	2.95697030592
-0.173076863544	5.60595747439	4.70076362176	2.95728993972
-0.0954140216549	5.60480151711	4.69670387865	2.95984120165
-0.0264830588067	5.60271337122	4.74582611471	3.03699274317
0.12150889384	5.59559152549	4.71486363033	3.02314594887
0.121295663619	5.59559152549	4.69569748505	3.02856742486
0.128692193481	5.59417490175	4.69153524484	2.97303921005
0.150847035611	5.59225073927	4.68778417409	2.95812686982
0.181664987671	5.58890053195	4.67626442873	3.00394483963
0.229660657826	5.58443106774	4.69918410683	2.97115351411
0.321078200713	5.57593932111	4.67965005233	2.99013386145
0.340348121965	5.57288355798	4.67156210503	3.00172323883
0.371609694144	5.56994236492	4.67896487433	2.97447250373
0.382302146596	5.56882508941	4.65240781986	3.07778313859
0.395995750471	5.56556348854	4.67476023712	3.00448722439
0.394265714706	5.56482936005	4.65727755072	3.0775530166
0.400905833935	5.56242952159	4.69463409221	2.99460991911
0.49242843431	5.54983240652	4.68094740251	2.98985779297
0.669345029173	5.52089414698	4.6548090651	3.06133292618
0.667329568332	5.51970324505	4.65144253662	3.06049314337
0.670262204522	5.51924571542	4.65516298612	3.05487514437
0.696966959327	5.51383253337	4.64680430852	3.0565602666
0.758061502286	5.50167235629	4.61462267464	3.07220826161
0.773869343468	5.49649041	4.60212348402	3.07887814836
0.766940154687	5.4976819616	4.6029980527	3.07966567319
0.813940212258	5.48680134205	4.56919403612	3.07610829238
0.849204714963	5.48028381831	4.56538729747	3.18643985828
0.856806241467	5.47623421823	4.56114259893	3.19641233999
0.827296975486	5.4796521977	4.51860454424	3.24174366678
0.693849522317	5.49983872079	4.51739356973	3.18804883479
0.641920510235	5.50728298906	4.48257316448	3.17401458173
0.524908470518	5.52306372524	4.46077059155	3.1966467281
0.498873637828	5.526442001	4.46490344541	3.19948227248
0.456912005795	5.52921166419	4.37003545951	3.0697871362
0.4085238199	5.53300359881	4.41968105376	3.00438815213
0.59306484483	5.50625365198	4.36879138235	3.00609068993
0.591319281709	5.50597601956	4.33951990422	3.01401042444
0.628248920288	5.49917917805	4.32913375849	3.01584210584
0.772611029831	5.47348517636	4.23437188126	2.98766277245
0.78553705468	5.47040031287	4.15103452579	2.98209721071
0.735467163078	5.47715206311	4.0900896543	3.00057192505
0.823351067488	5.46017780955	4.12335750038	2.99050358813
0.901953013348	5.44344145926	4.12959743911	2.97899630623
1.01562834486	5.41665686464	4.11997790389	2.9651370611
1.06515200145	5.40407633467	4.12523819758	2.97406792704
1.21578210796	5.36351113406	4.11380254455	2.96803464843
1.28633399864	5.34244970733	4.11325563927	2.96886812342
1.35875219732	5.31929370163	4.10281412424	2.97710567965
1.44482303027	5.29045707781	4.10402353254	2.97734759982
1.55114248308	5.25159901312	4.04895474784	2.99354457655
1.67602650637	5.20314032206	4.0723500341	2.97175065215
1.7545443804	5.17067963857	4.05737704395	2.96326788364
1.85829791901	5.12405364598	4.03485781675	2.95322104944
1.93480104	5.08600319366	4.0145184975	2.94755030685
1.99211721624	5.06177704619	3.93195230879	2.91635667025
2.04875341991	5.0269924022	3.85837891867	2.94230206447
2.09363800356	5.00317326134	3.89340378883	2.93141865332
2.2046688935	4.94529605004	3.89028379239	2.91765231149
2.26932672002	4.90868818193	3.88887207884	2.91837305361
2.37088562243	4.84838123679	3.85253257126	2.92446212589
2.41398308451	4.81853306986	3.85890753648	3.0050271992
2.49578737961	4.75872410588	3.87851427594	2.9146347123
2.5464602523	4.72311324452	3.8874714088	2.91999345154
2.67961637801	4.62687610449	3.79502068075	2.99251801629
2.73146169435	4.58732669413	3.79999565889	2.99860374352
2.90955560702	4.45717600475	3.83610732721	2.89137068661
2.91033348354	4.45663234436	3.83605677963	2.89120685929
2.91444960529	4.43927232956	3.69400694199	2.89101075282
2.94408105785	4.40975722382	3.6184096002	2.87859380386
2.97656400797	4.37062139395	3.56558912256	2.8839126279
3.02184762915	4.3282008827	3.56308464175	2.88245368815
3.11770572779	4.23286516449	3.55279264112	2.86964179232
3.14904039826	4.19912824384	3.56299764173	2.87834894228
3.24672526121	4.09826473529	3.54890938528	2.86404947789
3.26804522626	4.07051282658	3.55334574781	2.86746323226
3.36297777475	3.96316878497	3.50026300326	2.93728682514
3.40947918915	3.90620653863	3.49817808985	2.93400374115
3.47858178176	3.82544748918	3.50223204332	2.92803919598
3.51137555905	3.793803368	3.50254411165	2.91967566788
3.51944038036	3.7847142326	3.4818423434	2.9230535065
3.51560293358	3.78861241131	3.45263547714	2.83187750589
3.51449346193	3.78991099032	3.39663833343	2.81114015084
3.49419123776	3.79250295194	3.34391957128	2.8089862158
3.51719503659	3.75563307592	3.28495726171	2.81006256325
3.54514771697	3.72759247031	3.31589136034	2.79344680711
3.53646860812	3.72367303215	3.30177531188	2.78881242463
3.55612166556	3.68968515089	3.33805750124	2.79378495415
3.58157369315	3.63378029318	3.30351774728	2.78643276048
3.58157369315	3.63378029318	3.31313000253	2.78293871341
3.61090393487	3.5841149181	3.30977940266	2.84116485734
3.66026590423	3.52310702286	3.30735550173	2.77326883311
3.66753877534	3.49614168733	3.22744025077	2.84258656189
3.6789302576	3.46906630343	3.22890070176	2.84265256414
3.6851657018	3.4453478158	3.29900844079	2.77852706859
3.68128221384	3.43789302996	3.27946296987	2.78182105237
3.70558328707	3.38895597725	3.20224563977	2.84273549844
3.72286591766	3.3554709258	3.17477638572	2.84451721303
3.74433923089	3.30465455485	3.17365384733	2.73735277893
3.74506814856	3.29638584726	3.1126418932	2.81324795547
3.74148607808	3.30052040677	3.12526636253	2.80599963027
3.74658610821	3.28673654953	3.11917514638	2.9229144701
3.74041149616	3.27847792768	3.07859504527	2.81462479469
3.72747844702	3.28053042162	3.06982345434	2.80283152754
3.72347874381	3.26819743928	3.02195017853	2.69768005246
3.71640988832	3.26956750332	3.08205111829	2.78727523292
3.73806200899	3.23186048764	3.04508034952	2.78051987621
3.74706387432	3.22152506041	3.0279657586	2.76355401712
3.73664560002	3.21465724911	2.96203193488	2.75236905055
3.73221641521	3.20366670313	2.97110307388	2.74933431499
3.73518928016	3.19885367928	2.97305567069	2.73259573344
3.74466491898	3.18646118594	2.97019553056	2.73675279899
3.73537734726	3.18164662438	2.96236610435	2.74856365667
3.72864266356	3.17683800961	2.95466362751	2.74850159352
3.7382286107	3.15621091333	2.95623947982	2.73801022084
3.7445160409	3.12869526535	2.943035352	2.73119346441
3.72495795021	3.1300588966	2.95773017308	2.6420087497
3.72743622489	3.11222247298	2.93683432676	2.62105490453
3.74476338577	3.06964418449	2.89596268606	2.70847885433
3.76312755228	3.02476102136	2.90433087537	2.70541980787
3.76226152171	3.01162166698	2.91091706341	2.71116876197
3.7663001069	3.00331192736	2.91071413552	2.70062081079
3.76636735961	3.00192584156	2.92140997801	2.68880904261
3.76741498744	3.00053938997	2.91073213329	2.68522299854
3.76810920402	2.99984599729	2.96263634369	2.62731094724
3.75825023675	2.99777125534	2.94991269013	2.62453025075
3.74378403341	2.99016985913	2.93191376409	2.63178087742
3.6792973519	3.04202220158	2.90879677988	2.62675270111
3.63000234972	3.07903201481	2.90940325719	2.62344650109
3.57572123485	3.122168427	2.86299828674	2.62529312425
3.53313086522	3.15951249522	2.87645230299	2.61681534325
3.48164863109	3.20221922599	2.87730057423	2.62688403982
3.46414341164	3.2144375781	2.86748469561	2.59888212116
3.44112280833	3.21758049714	2.84892026185	2.62174152081
3.40967202306	3.24670526829	2.76070859049	2.68363229543
3.43881152551	3.19924704411	2.74484137839	2.66916460743
3.40108350054	3.23022836647	2.75258080573	2.78708026465
3.43427853135	3.1759267726	2.73535303371	2.78237719409
3.4445535079	3.15113814474	2.75135988654	2.77272045819
3.45140934931	3.13584976857	2.73298730566	2.77464245788
3.46634452381	3.10133626164	2.6678421045	2.64355393893
3.47104547483	3.07827128979	2.63849893404	2.64428989148
3.47958823427	3.05196757399	2.61788469687	2.58948254511
3.48114617232	3.03270278208	2.65452348972	2.5532796886
3.48797501662	3.02433147943	2.64009070194	2.54300062673
3.49369195544	2.99600679293	2.64321160943	2.55314568283
3.50311092475	2.97209785217	2.62586516311	2.54912651087
3.50936779446	2.95267967053	2.62270466468	2.55077876163
3.53503380064	2.89876692343	2.6151150185	2.54843292418
3.55027421488	2.86740780201	2.61195033601	2.54962378719
3.58138646956	2.80100725551	2.55643450414	2.53213527689
3.60321832917	2.76127981803	2.60498831641	2.57880639042
3.62002851297	2.70933800388	2.59015102878	2.57378791629
3.606753784	2.71133420506	2.60726767834	2.56429510906
3.54799471734	2.76075509628	2.57400040639	2.56039324539
3.47954016984	2.83010169364	2.5700665501	2.56832322829
3.45290526304	2.86406026479	2.56204938603	2.56421571303
3.46064817873	2.85255838714	2.57131780032	2.56582669533
3.45238157487	2.86342225774	2.55307774467	2.56452304685
3.43897867039	2.86278570419	2.55029068862	2.5679835216
3.41642560761	2.87545043044	2.53378542506	2.55781931087
3.37249064615	2.90932486859	2.51124595034	2.51222560685
3.34420088296	2.93670014809	2.50162305569	2.52330254164
3.35530067014	2.90881626349	2.4964404858	2.5390085541
3.36693959675	2.88019112652	2.4681987356	2.53017148922
3.38003179771	2.8583397888	2.46189212734	2.52213107881
3.37153525175	2.86208480583	2.48296592708	2.52539240388
3.38846026188	2.8227186674	2.44631016471	2.52293820052
3.39773203764	2.80389332783	2.44460288589	2.52049300625
3.40317267468	2.77937395244	2.42209029626	2.50541057475
3.41555171967	2.7484947689	2.42124509905	2.50345636139
3.45676820446	2.66659828093	2.40658896823	2.49292680117
3.48580620607	2.60953694747	2.34377832199	2.592393513
3.50199858082	2.57728582791	2.31682010204	2.57975189123
3.51530351768	2.52808363844	2.32839133232	2.5878195867
3.51041807048	2.50019062018	2.30724304491	2.58237494892
3.51220828638	2.48399493659	2.32187590852	2.56990773725
3.51630731205	2.44833583741	2.33136706765	2.56784959446
3.49703038911	2.44898414453	2.32283669632	2.56314533324
3.49943748163	2.4205881196	2.33154914687	2.56894622968
3.51352824268	2.37400723459	2.32774127875	2.56048419836
3.52389353662	2.33635449788	2.28215950911	2.54126501814
3.52728599471	2.32854212625	2.24126505161	2.52639516994
3.5314296727	2.3220243662	2.34175916181	2.51208106241
3.53223998445	2.32071996476	2.36436359491	2.51422236313
3.51562840891	2.3239693401	2.32099827857	2.50806147384
3.47039105999	2.3639171301	2.36041655153	2.51727305979
3.40732476917	2.42420157715	2.28922163241	2.50375273643
3.36429930914	2.46175963617	2.31100105698	2.51177849108
3.33603321723	2.47786116093	2.28414705991	2.50890173241
3.3116462402	2.51235218067	2.31480247008	2.51077753206
3.31490595793	2.50682633191	2.26144762167	2.50516984223
3.31227888601	2.51051099361	2.2838279204	2.51683313347
3.29582456022	2.51234375503	2.25108972342	2.51429901079
3.28244793708	2.53247190667	2.26421449665	2.50574949228
3.27813178142	2.52033303068	2.26535102246	2.50510250888
3.25793742612	2.54882739207	2.25113130301	2.50835938752
3.2523461762	2.53554425808	2.26939348924	2.50867831966
3.24186072123	2.55423086416	2.30445681583	2.51664188558
3.23536585865	2.55725460651	2.27197324184	2.50953079106
3.23761208758	2.53328111084	2.22955623184	2.51032687526
3.23394010511	2.52308869104	2.19253979944	2.49658867265
3.19531890267	2.5558580968	2.22366112786	2.51182137147
3.17998750985	2.57539683397	2.22272983443	2.51393386421
3.18031588535	2.55943979996	2.1928551354	2.5032145913
3.15679656203	2.57178930332	2.1729995819	2.50130907119
3.12709163758	2.59570825854	2.20435143719	2.50429652654
3.08620007531	2.6350382425	2.22346884151	2.51855363599
3.09458210593	2.61035297264	2.17847854924	2.51825955315
3.13297977657	2.55130359082	2.17553710513	2.50501079807
3.13996105556	2.52975064121	2.17437609044	2.50849628036
3.14185427749	2.52741471224	2.14393541402	2.50089658105
3.12513726735	2.52748683573	1.83992580826	2.53665176651
3.18501448423	2.42904238474	1.83775739314	2.52642407542
3.19380931394	2.40358514121	1.83332712666	2.50968124286
3.18396913603	2.3864936028	1.82555954372	2.52014257231
3.19123092858	2.35039510377	1.83024001653	2.50836867204
3.18354426633	2.3515780721	1.82625071259	2.5087258192
3.18387889355	2.33681562214	1.81453390044	2.50486650072
3.18404947772	2.33681562214	1.77966110759	2.49581694411
3.17674796246	2.33386246165	1.72357156152	2.3610448387
3.16054426638	2.34209700329	1.70078965202	2.3596844546
3.15795544852	2.32920138333	1.7838823734	2.29532822999
3.14648070683	2.33035701772	1.699317665	2.36704766473
3.15670952945	2.27360735291	1.6876350649	2.38874839031
3.16669077252	2.23430482555	1.72811050351	2.30450661133
3.16737920322	2.23371626837	1.66451350164	2.38167456459
3.16178710112	2.21844986816	1.61662438848	2.3734257442
3.17117596459	2.19258195578	1.60302502627	2.27995127774
3.15983715784	2.20199088705	1.56001596544	2.26980729073
3.17216683435	2.16555266721	1.5534123677	2.28993665017
3.19536501195	2.13124086397	1.54333064841	2.25732492871
3.20145817745	2.10277923937	1.54871552607	2.2562003095
3.19803749681	2.0796910671	1.55222145312	2.24516778485
3.19340793816	2.0719827463	1.529973031	2.34174061112
3.19258295043	2.05657800683	1.5127062881	2.34708243824
3.20455242064	2.01150754264	1.51685013449	2.32921989484
3.19723541255	2.02220647792	1.46470977698	2.32625320154
3.20354852453	2.01032067075	1.46364957586	2.31458545149
3.20214422542	2.01269979643	1.48038036481	2.33554201773
3.20059974654	2.01567248022	1.4743598915	2.33770410749
3.20059974654	2.01567248022	1.4462313389	2.32600380736
3.20367646262	2.01032056655	1.43189628306	2.31794474817
3.19051191915	2.01209872816	1.38130509192	2.30872052896
3.18453493653	2.00441328333	1.37382577395	2.31872587917
3.17437177594	2.01799588843	1.3758533265	2.41766120899
3.16936128872	2.01447014401	1.36163814981	2.41873631313
3.16154658834	2.01505887928	1.36168714674	2.42186854887
3.15438539602	2.02973623839	1.35228480399	2.42294514431
3.16053218293	2.01917308881	1.36098292269	2.41488334127
3.1622503161	2.01623537668	1.33650652911	2.40970622615
3.16260216427	2.01564764992	1.33059803182	2.40870068183
3.16295390986	2.01505986177	1.30361666771	2.39921443386
3.1619410114	2.01682306434	1.34056527371	2.40192709151
3.16264481032	2.01564765736	1.31839712864	2.39818923101
3.16299655591	2.01505986177	1.27557547871	2.2717418669
3.1633481989	2.01447200479	1.26266150524	2.26245903124
3.16369973928	2.01388408645	1.25699536814	2.25692395819
3.16369973928	2.01388408645	1.29796361576	2.19087191688
3.16369973928	2.01388408645	1.30053299771	2.19107096972
3.14594684082	2.01212756285	1.27712094563	2.19402256793
3.13252548428	2.01387359906	1.23583904709	2.18268582962
3.1190389806	2.01443565251	1.22875060004	2.18354032863
3.12227860561	1.98200401639	1.22754914655	2.19001870341
3.11825804693	1.97794355924	1.13795874148	2.16237199283
3.1203309115	1.97388177981	1.183099797	2.19006319702
3.12673031814	1.96284415632	1.12597939872	2.17590466786
3.11679858063	1.94894276485	1.03726462562	2.28313168399
3.09790293485	1.94717642029	1.06780070323	2.18555885121
3.08861058629	1.94947265922	1.10475720174	2.18952027223
3.07810974397	1.96439204339	1.07154774206	2.29508487357
3.08405118751	1.9529224444	1.11565025571	2.19489382172
3.06600373855	1.94721472264	1.0720907926	2.29736883964
3.05495402265	1.94551052282	1.0549836973	2.28681660771
3.05137478358	1.9466446511	1.01243272484	2.36921324172
3.02374279312	1.94779367408	0.988882196399	2.36704825901
3.0030240154	1.95621467542	0.978441879672	2.37796290558
3.01559303181	1.93601744107	0.999190270971	2.37556610699
3.01900106148	1.92926934533	0.99855890371	2.37251516779
3.01495334114	1.93601744107	1.00879652347	2.3779073537
3.01697896796	1.93264445289	1.00761651948	2.37587919263
3.01832742303	1.93039461645	0.994534808627	2.37233895021
3.01866429136	1.92983201028	0.989714112014	2.37086380908
3.01866429136	1.92983201028	1.00931490926	2.37482934244
3.01731622898	1.93208208205	1.07629688248	2.27854275412
3.01731622898	1.93208208205	1.11601801681	2.19325787753
3.01726127193	1.93039461645	1.11472200297	2.19212894563
3.00981145153	1.91470542454	1.07428460345	2.28256661954
3.00631743691	1.92255788481	1.07312146346	2.27114365572
3.00105270242	1.91026178722	1.08503999855	2.27805811483
2.99659506382	1.91865025789	1.07771332149	2.2812574363
3.00489360578	1.90466263034	1.08034832553	2.28297986259
3.0035631183	1.90690309448	1.08479124619	2.28577841708
3.0035631183	1.90690309448	1.06155979639	2.27196258767
3.0035631183	1.90690309448	1.06682361287	2.26893892183
3.0035631183	1.90690309448	1.06621331105	2.26935991874
3.0035631183	1.90690309448	1.06588644375	2.26859008334
3.0035631183	1.90690309448	1.06216605062	2.26707561762
3.0035631183	1.90690309448	1.09448085821	2.28345266175
3.0035631183	1.90690309448	1.09989253778	2.28429377137
3.0035631183	1.90690309448	1.13195347047	2.20899385729
3.00323025206	1.90746306534	1.12316832597	2.19662486949
3.00245432117	1.906903288	1.13158980978	2.20377569666
2.98223702065	1.90133793802	1.11666347026	2.19335923247
2.96667223006	1.90964789127	1.12298699017	2.20856296953
2.97469303557	1.8880486555	1.12135910003	2.1966753952
2.97295614105	1.88860334225	1.12048362127	2.2051754466
2.979387769	1.87694442094	1.11806153259	2.19928860979
2.97840456673	1.87861150512	1.12795013527	2.20280860698
2.96674214036	1.88138014785	1.12414927003	2.20321309321
2.95760303317	1.88082819815	1.12703637794	2.20407354481
2.95259146066	1.88358455247	1.12325937659	2.20066840916
2.95412563978	1.87807370135	1.11601801394	2.20304300003
2.95735603748	1.87255720372	1.11341215364	2.2011051714
2.95866255827	1.87034900657	1.12047730743	2.20184891187
2.95829425024	1.87255782895	1.12009159093	2.20294095531
2.95796737907	1.87310989942	1.12545929114	2.20589450719
2.95796737907	1.87310989942	1.11681071062	2.1973852815
2.95962863831	1.86979684458	1.11885124811	2.19648474421
2.9606072278	1.86813959267	1.12754893414	2.1987479052
2.95701482545	1.87421367566	1.1328204254	2.20810930712
2.95832250276	1.87200571632	1.12126591578	2.2031937944
2.95705747149	1.87421370543	1.12340930822	2.20489725782
2.95738453532	1.87366179375	1.12856783307	2.20680128926
2.95640305486	1.87531735751	1.12885397275	2.20324689958
2.95738453532	1.87366179375	1.12415825652	2.20152087855
2.95771150283	1.87310982499	1.12399469539	2.20033212964
2.95771150283	1.87310982499	1.11919957455	2.19894774409
2.95771150283	1.87310982499	1.12017283026	2.19917767187
2.95771150283	1.87310982499	1.12684341872	2.20125669403
2.95771150283	1.87310982499	1.12254637357	2.20429251558
2.95738453532	1.87366179375	1.12616806479	2.20611847913
2.95594867436	1.87421351191	1.12843464116	2.20686498184
2.94294163088	1.87421351191	1.12305116234	2.21716524032
2.92919560834	1.85994885854	1.11537003691	2.20419613922
2.9201762486	1.85122198277	1.12092989925	2.21096225963
2.9268949793	1.84084603141	1.11462650772	2.19832583413
2.92931518155	1.83374036827	1.11469052025	2.20690440148
2.92995508672	1.83264617418	1.11836156692	2.20848099303
2.92978428799	1.83374025662	1.09785003563	2.21104286648
2.92672709001	1.83975612787	1.06338186772	2.29177058407
2.92672709001	1.83975612787	1.09968104723	2.20639487399
2.91836270025	1.84193091727	1.09651201207	2.20180532695
2.91227829084	1.83323299336	1.08761464702	2.22407307163
2.92838838871	1.791779818	1.05855370745	2.29480109715
2.92058515112	1.7689142202	1.05551609428	2.29562165298
2.90425846255	1.77706032041	1.05662164083	2.29635613284
2.86210714799	1.80398113551	1.07880467814	2.20966234202
2.83836736665	1.81410132209	1.0671352009	2.21145043324
2.82441859899	1.81040154111	1.03070346144	2.20303718878
2.82205684647	1.8082886976	0.997623938137	2.28528017068
2.81256651226	1.81409629053	0.981140967576	2.28132381346
2.80444990518	1.80411692792	0.994737936873	2.294106298
2.79226429068	1.82247019296	1.0165707825	2.41580394619
2.79495273729	1.81776012273	0.990443487879	2.27509267964
2.78630284386	1.81515118413	0.980999331211	2.27341008847
2.7756391382	1.81150698746	0.971844649749	2.25913221194
2.73575467278	1.8331769374	0.924707775601	2.16220232231
2.72146601625	1.83624253172	0.946822576604	2.24656983784
2.69698828932	1.83523033587	0.916583477949	2.24202739454
2.68430169138	1.83069185883	0.946733396362	2.17074109067
2.67778247563	1.84227966096	0.944018914933	2.16882490761
2.66659382994	1.82478912906	0.937218616087	2.17293141733
2.65617425252	1.82828607645	0.94436877231	2.17621230604
2.64593550998	1.82629516606	0.934823106146	2.17602220409
2.64225343917	1.83176487271	0.919364077994	2.17797881899
2.64569727889	1.82480475965	0.935330111936	2.18291891827
2.64308324266	1.82928057233	0.929067023122	2.18222053056
2.63668794469	1.83126763739	0.913986012186	2.17827185397
2.63129301596	1.81346223183	0.912189441428	2.18063108903
2.61946135252	1.81740769413	0.90390364787	2.18944728871
2.61218402548	1.8011810292	0.835559188509	2.25823534686
2.6033974539	1.79578895884	0.830729204656	2.26424082058
2.59100427528	1.79090467	0.830147467751	2.25896658117
2.57507444164	1.8147492031	0.823592128022	2.26052160959
2.58155296474	1.80406308949	0.832823233104	2.25448555737
2.57682039465	1.81135207733	0.855750837142	2.17843187124
2.57703362487	1.81135207733	0.825803173429	2.25811887929
2.56615888377	1.81135298539	0.853429481598	2.17668754808
2.54341798484	1.81277175906	0.823269887023	2.25377277192
2.53607778255	1.81516501256	0.854410105361	2.18159364464
2.53674729423	1.81325081798	0.856491530802	2.18109728799
2.53769633426	1.81181499397	0.811047933219	2.2525784884
2.53057444495	1.81181532146	0.820381570155	2.25560686752
2.5300765213	1.81372520693	0.861985806042	2.18226540402
2.5267553664	1.80656486054	0.864764565841	2.17912304843
2.51896863742	1.80846698996	0.824826378065	2.25990813543
2.49509300671	1.8184181514	0.813725475079	2.25804431629
2.48048917595	1.82404662325	0.86049908415	2.18217158621
2.45734624479	1.84316759876	0.832353630658	2.26594177773
2.45549051823	1.83110935013	0.823465630922	2.27413738818
2.44395363765	1.82970547058	0.822565536105	2.26029214594
2.44036871979	1.82785642087	0.860882526114	2.19154932229
2.43399426367	1.83661773956	0.860595971131	2.1957044394
2.43071320065	1.83110065654	0.812739600617	2.26034591741
2.42132185211	1.84533757421	0.831964723744	2.27100551167
2.42209377455	1.84442065788	0.863642363896	2.19051185628
2.40477896907	1.84853453003	0.820705191092	2.2637848031
2.39023229099	1.85942946518	0.857515206592	2.19566350838
2.37514481192	1.85851854737	0.822431604746	2.27037069671
2.37052115428	1.84730107605	0.85111248531	2.19580997645
2.37528801472	1.82574882725	0.816936904265	2.273164386
2.3486842581	1.83558508352	0.82362476007	2.26979896697
2.32756793239	1.83908256106	0.808068282781	2.26586937239
2.30356357745	1.85093551616	0.823271557799	2.26366726057
2.25393670396	1.88554345514	0.757476393698	2.34904967521
2.22000679277	1.91234366611	0.828231765244	2.27818462782
2.17020450755	1.9436687185	0.754414765004	2.35191653285
2.11190287575	1.98534541067	0.743481457004	2.361465788
2.07208067143	2.01334740912	0.826153710671	2.28316188806
2.02008500209	2.05372856346	0.825613037867	2.28407489191
1.98764810551	2.08612938711	0.861865076851	2.22141078049
1.98794662782	2.08612938711	0.810806007697	2.29648866373
1.98843863081	2.08574659162	0.812708677313	2.29814431052
1.97395268891	2.08118975995	0.856141286504	2.22421914755
1.93665192554	2.10487176925	0.813175191547	2.2997526862
1.9187077472	2.11751707452	0.839808150006	2.22510447498
1.92119774903	2.10456178789	0.810679649496	2.29882479038
1.91315884522	2.11308162497	0.816500148338	2.30319614736
1.9080061225	2.10718478643	0.808860460816	2.29876257116
1.87370146744	2.11595080605	0.804469242113	2.30248613084
1.82881627296	2.13561577428	0.802520219438	2.30610300606
1.79796409037	2.15396428386	0.795091459877	2.29575358561
1.79796409037	2.15396428386	0.787918870578	2.29429260378
1.79723120041	2.15361486139	0.778975363286	2.28980814585
1.79574649609	2.15396409034	0.775072506904	2.28855019473
1.7876973953	2.15641301064	0.775221562606	2.29081448029
1.76774804573	2.16331236604	0.765112109924	2.28326831843
1.68665415408	2.20571767138	0.713450903687	2.28283444544
1.6881935744	2.20439651024	0.740302486212	2.30551570622
1.68618724433	2.20505671157	0.686007236276	2.30148668859
1.68887981723	2.20274454539	0.656117971484	2.29935362503
1.67651455334	2.20142986976	0.680036064236	2.2799132738
1.64241587357	2.21504581688	0.681231964509	2.23684262019
1.62944440859	2.21027407007	0.696095364548	2.21144025886
1.61882748667	2.20993327775	0.663901167757	2.20295631132
1.61476235494	2.20264437536	0.647746448758	2.20524455088
1.61073429563	2.19000233782	0.603887302444	2.30544706527
1.60402700975	2.17480976642	0.620074788047	2.30171292763
1.58980801484	2.18049608747	0.605870232103	2.29613296168
1.59251329923	2.17830163693	0.603051562333	2.29476920869
1.54546185183	2.19399415045	0.56930863398	2.29328491255
