pre_start
-0.201801956914	-4.58917738654e-05	1.0924689326	0.22598010806
-0.201801956914	-4.58917738654e-05	1.0817315882	0.2116609339
-0.201801956914	-4.58917738654e-05	1.07651973665	0.191954666121
-0.221973562209	5.3887072865e-05	1.08319282618	0.171827741941
-0.224873510812	4.69499119143e-05	1.07918532173	0.171953547361
-0.243166839966	0.000367189039658	1.08063491988	0.169674287351
-0.253785067998	0.0004438209613	1.0746988536	0.175987713258
-0.277283624619	0.000383072672128	1.08940970065	0.167555412563
-0.291852189759	0.00170625625113	1.08476349691	0.166920814394
-0.302154481514	0.0025167830903	1.07957676505	0.165727599789
-0.322856640126	0.00343540894917	1.08481654478	0.165345305522
-0.332378443053	0.00443596343182	1.08608037015	0.161193539054
-0.350649564457	0.00620070850223	1.08992969008	0.166642560439
-0.36541561014	0.00695718745895	1.0981476195	0.168955836406
-0.375697217964	0.00784107073402	1.10697494902	0.170516598999
-0.392233714562	0.00898421506749	1.12554830629	0.180303211977
-0.403502345961	0.00967717651901	1.14099365882	0.173042637286
-0.421928577716	0.0135105819382	1.1529611537	0.184238546591
-0.430057297891	0.0137855515179	1.14502714027	0.185335216517
-0.450894188186	0.0140843408881	1.15764773023	0.183222104291
-0.465278092185	0.0160662820312	1.16701346268	0.181121466759
-0.478367022009	0.0181441324329	1.19052353872	0.182647218307
-0.492168111346	0.0202793575112	1.21477148244	0.189691103694
-0.513600526301	0.0240442594639	1.23117189688	0.196765717389
-0.535634088008	0.0279640800937	1.24390285949	0.200456382447
-0.546224594908	0.0298107101482	1.25189977964	0.200489738391
-0.567210148738	0.0336118237678	1.2823229813	0.21866686973
-0.581352047285	0.0342579785296	1.31061280925	0.24432268555
-0.608134920396	0.0283501695953	1.335996449	0.144796833493
-0.619068135991	0.0274892009299	1.33371012232	0.146962231849
-0.629713788242	0.0283787809992	1.34361302288	0.160392882755
-0.650075318407	0.022901731592	1.41663795502	0.283267445474
-0.674437960226	0.0141359568568	1.48151385521	0.294022964714
-0.682331458599	0.0153921568713	1.48547728367	0.305273384425
-0.682308470471	0.0173083301829	1.52768424196	0.325853039687
-0.70512279824	0.020679918778	1.54656895003	0.326811518622
-0.720775900018	0.0216629568917	1.56729884452	0.348775315582
-0.738749872714	0.0241624501432	1.57890132251	0.35553001853
-0.748110709909	0.0246364129684	1.59774467599	0.368819534896
-0.76788040417	0.026872061864	1.63296606308	0.379106196616
-0.778213732271	0.0283669249995	1.65943367785	0.293600827738
-0.78929907365	0.0292812326518	1.68996965386	0.309146148197
-0.80977424977	0.0291540652181	1.70419465107	0.31783103273
-0.830557507658	0.0188642509549	1.70312219438	0.395589521404
-0.861315753967	0.0111745733644	1.73820226733	0.480993585394
-0.873042675071	0.0154721950426	1.74259131233	0.481664102563
-0.88648104744	0.0186688781817	1.76111688071	0.478224418688
-0.894241111255	0.0242031810606	1.77698505693	0.477101825232
-0.908600103711	0.0371361568227	1.79293613926	0.494072265244
-0.92315221625	0.0451202632549	1.85137521515	0.509481627005
-0.932846916885	0.0513297235515	1.90233065044	0.437167255203
-0.942616089766	0.057624121193	1.92970677339	0.436771751221
-0.966637307305	0.0662830251912	1.9400879383	0.447389240919
-1.00228371699	0.0683687025401	1.96185675217	0.449507655263
-1.01308654638	0.0702023718828	1.96601043114	0.44615065878
-1.03714472258	0.073087827445	1.98301412451	0.446318961294
-1.05090181685	0.0742653987224	2.00037162133	0.443465075183
-1.06431910453	0.0759099974521	2.01947641266	0.440256455489
-1.08436552563	0.0763669145641	2.02863427836	0.445556609231
-1.09795627164	0.0765221631047	2.03221209177	0.440871708627
-1.11849829537	0.0766780122086	2.04634600068	0.442764767709
-1.13950685832	0.0763536360047	2.02247017305	0.516374295885
-1.16216783934	0.0766943424539	2.03994297427	0.505338043878
-1.17942553026	0.095178605767	2.09486190737	0.512829793739
-1.1970387382	0.10723965721	2.12881952721	0.519548341449
-1.20573838499	0.114928089636	2.17423629721	0.516372107252
-1.22417613387	0.134549248576	2.14679393461	0.442394290784
-1.23903603818	0.145697790194	2.17517334092	0.527273348836
-1.25267234027	0.14879663083	2.20641915331	0.539703886276
-1.26994548145	0.147891522294	2.20904102944	0.533359242226
-1.2770940988	0.156129136766	2.20652508975	0.523353043613
-1.30038818907	0.182850636093	2.20964882349	0.531378387348
-1.31645915874	0.197545646085	2.22033679902	0.536339726589
-1.32346337811	0.199888586998	2.22326879457	0.534663603975
-1.3383874602	0.202064905771	2.24058999197	0.527994410051
-1.35277060357	0.210058124473	2.27995027828	0.528469863965
-1.35952443032	0.215299388903	2.31990142446	0.455901626133
-1.38052820507	0.219982627034	2.34978395419	0.452363826538
-1.39584560885	0.218324118101	2.36792250924	0.453238881583
-1.41255909843	0.209709677076	2.3687788011	0.448923115395
-1.44235737633	0.194506293829	2.37862783816	0.441509622598
-1.4547745276	0.188618986204	2.38364395569	0.442213365951
-1.48380525668	0.169342871715	2.40669223209	0.508218845143
-1.49584749492	0.16326173146	2.40540194294	0.507483925806
-1.51357982358	0.149829066421	2.41770035593	0.499864158573
-1.52397843551	0.149141649623	2.4522679235	0.503711971301
-1.54165983983	0.144255990039	2.46151515872	0.49891844607
-1.55493466828	0.137206989339	2.48870438891	0.486430672613
-1.56236846785	0.133653869084	2.52981357317	0.399465085945
-1.57988734328	0.128389216371	2.56362204158	0.390532846593
-1.60425977718	0.115979359305	2.57478310163	0.386381158124
-1.61663202562	0.107850776307	2.58337084532	0.388564055833
-1.64577652536	0.0876028350425	2.58076701568	0.386502303835
-1.67459670004	0.0677167649554	2.59550540099	0.382885304169
-1.67853079202	0.0646307532886	2.59765355678	0.39229632756
-1.70518749391	0.0370448758235	2.59766232474	0.39403765749
-1.72768796723	0.0227459985101	2.63453984991	0.398256737691
-1.74310821818	0.0133706343632	2.69758976827	0.41088297488
-1.75825071798	0.00606379353903	2.67451468338	0.404913704619
-1.77412287997	-0.00350363450929	2.67889614836	0.409681093287
-1.80003687477	-0.0181685251443	2.69846043084	0.409048987499
-1.81121382729	-0.0243361077398	2.71584393953	0.425011997763
-1.83344069967	-0.0373643290253	2.7229068937	0.430096821089
-1.84818331289	-0.0462417890665	2.75335045954	0.447954867461
-1.87025380235	-0.0589887317771	2.76219948339	0.444894963409
-1.88512283629	-0.0683550374659	2.77165866186	0.442211403841
-1.90879600941	-0.0781440736874	2.80677422524	0.448385062541
-1.92838771096	-0.0823368645735	2.82164407004	0.462023591462
-1.94736797102	-0.0932659346074	2.84031675951	0.474109014783
-1.959652837	-0.100922988337	2.87106876926	0.485637504824
-1.98202510161	-0.114526068994	2.90032805005	0.479283051281
-1.99749703579	-0.118586495396	2.89458449917	0.482641118552
-2.02374412541	-0.126481284666	2.92602124412	0.480806211871
-2.03581672215	-0.131274796032	2.95946728412	0.486654490665
-2.06259383113	-0.146111703365	3.0107189854	0.404748173173
-2.07762645425	-0.150681213863	3.01502939646	0.403814774066
-2.09317423419	-0.161213344049	3.00063248581	0.412069983125
-2.10097188951	-0.168163557932	3.00675179926	0.41118177563
-2.11719368556	-0.181482073112	3.0257394812	0.497797947764
-2.13317168383	-0.190882889667	3.05103026298	0.50389702774
-2.14743668412	-0.193252594693	3.05467471292	0.509485997761
-2.17134406727	-0.197691422415	3.07378763279	0.508079536325
-2.18311168807	-0.199417726225	3.09939254354	0.516818901565
-2.20494984257	-0.205677910803	3.11427757732	0.51469376282
-2.22806708611	-0.208145629404	3.12740665336	0.51367013447
-2.24370031352	-0.209566163056	3.14974924563	0.513688253411
-2.2657909629	-0.209571879386	3.18614772655	0.435211073616
-2.28019795647	-0.211743216979	3.20700059034	0.436288721713
-2.29601254149	-0.217212228849	3.19911006874	0.439050943303
-2.30354318091	-0.223073329098	3.23367012528	0.447233837309
-2.31981022577	-0.240755765249	3.23779416777	0.535684584339
-2.32931363529	-0.250759101058	3.24589563408	0.548941295133
-2.3477337642	-0.259709060024	3.26442603637	0.549399640612
-2.37063733886	-0.259333217694	3.30510167412	0.555851186075
-2.38249803876	-0.258573143258	3.29437020766	0.552895017823
-2.40615334202	-0.260485804315	3.31089386487	0.55305859209
-2.42283867516	-0.258940679948	3.34506293848	0.556939493616
-2.42256331033	-0.261650139226	3.38173286242	0.563175327716
-2.44200074463	-0.256566725126	3.4046396739	0.564536650631
-2.44849092984	-0.255000535257	3.43601703693	0.567581272957
-2.47100986488	-0.254602254629	3.47197189385	0.646647322958
-2.48218818761	-0.253409956474	3.44657141505	0.565431959157
-2.49818045316	-0.253413819463	3.47392344724	0.57407899526
-2.516137456	-0.252599101777	3.48562555014	0.576996433223
-2.52836505583	-0.255432637176	3.51387837858	0.579136227312
-2.54228346553	-0.251359572964	3.52192789379	0.579523735227
-2.5481398831	-0.257906173248	3.53395062556	0.579450201921
-2.55899941893	-0.251744286934	3.54266402566	0.573303712158
-2.57965164965	-0.24392664419	3.56454696781	0.581781865261
-2.59099549732	-0.243925832888	3.59844075469	0.585603373671
-2.59146449553	-0.245175416327	3.61175685367	0.591037295756
-2.6145093667	-0.23298913427	3.64979676937	0.677767757952
-2.62463602096	-0.238474066597	3.65870675698	0.681826658783
-2.62969868896	-0.234665649876	3.68493908799	0.686555006264
-2.6428756235	-0.254206651641	3.6372379164	0.59710126384
-2.65564211873	-0.265322012492	3.67783451853	0.599458057974
-2.66423591567	-0.271761201019	3.67273017032	0.606869054656
-2.68717602152	-0.275639416272	3.73192323316	0.604812035155
-2.70285785898	-0.269109097282	3.7142706423	0.606681751106
-2.72327847377	-0.265165133795	3.70323260686	0.676057705016
-2.73746944348	-0.260746061198	3.70954050695	0.67500169292
-2.74494074124	-0.259416186957	3.75184127851	0.602164156948
-2.76128856091	-0.256742336583	3.76178545969	0.681171171046
-2.78116578897	-0.255845817432	3.8039765429	0.613832794802
-2.79292637978	-0.264425616421	3.84118119918	0.620945822616
-2.8108882676	-0.268499377645	3.84652522209	0.614928327633
-2.82036797872	-0.267130010853	3.84286762782	0.615594762348
-2.84209369988	-0.264838117523	3.84994661189	0.619656326158
-2.86732126465	-0.267152206291	3.88297827393	0.53465539528
-2.87751760931	-0.266685768039	3.89119189494	0.624119575951
-2.8970246205	-0.26950708841	3.9259578541	0.631676009425
-2.91139349193	-0.264787489307	3.90466532036	0.70641666409
-2.9254666865	-0.264787489307	3.93702995902	0.639383343638
-2.92499027802	-0.26573711006	3.9494640898	0.640403863771
-2.94713771344	-0.263778142539	3.93168153704	0.701375365838
-2.96286847478	-0.257542060433	3.97804089877	0.637368544993
-2.97771976256	-0.255126165455	4.02364877224	0.637939868851
-2.99334908797	-0.24443099173	4.03675939914	0.64334280836
-3.00614276099	-0.243453223302	4.08030872261	0.732495631683
-3.00963871756	-0.246886819087	4.08325481781	0.654580802874
-3.02268935312	-0.245415920438	4.12393226417	0.738942844641
-3.03578154536	-0.242944678073	4.128270932	0.739260163696
-3.04165754832	-0.237004120548	4.09127104224	0.657403882838
-3.06124121688	-0.242956922025	4.13228716372	0.732583255685
-3.07053503103	-0.239956272877	4.15603898824	0.65866956908
-3.0936097507	-0.243479378473	4.16909426499	0.664811762181
-3.10451342022	-0.235383337838	4.1656920709	0.666323278853
-3.12504623602	-0.229781310681	4.16489543555	0.734021076867
-3.13929207646	-0.223131070659	4.20308968607	0.664537394768
-3.14858133022	-0.222104897927	4.17248188	0.736124783575
-3.16869479424	-0.215370954987	4.22100059978	0.666206352621
-3.1806783325	-0.215372704124	4.24097804026	0.670522287352
-3.20089176662	-0.20754672179	4.28486369974	0.674744404971
-3.21630044218	-0.199145085716	4.32210318262	0.760346366446
-3.2357662742	-0.194921121069	4.32852677326	0.761942356927
-3.24299866484	-0.193860671313	4.31598184154	0.68132268812
-3.25473303407	-0.213517502545	4.34437369895	0.600226580396
-3.26465374656	-0.208177719144	4.35288084408	0.591273107218
-3.28164537941	-0.209796595081	4.374819852	0.689307228515
-3.28942462552	-0.211411624945	4.39406956525	0.690645049779
-3.30778740098	-0.209785400601	4.40434873611	0.695096704974
-3.32003868879	-0.210873355063	4.40496085336	0.702540033531
-3.34538569706	-0.204852071713	4.42818935195	0.699383429849
-3.3625757162	-0.198796606181	4.41703034738	0.766747574872
-3.37288806883	-0.192715056594	4.4384817188	0.694589702959
-3.39113091978	-0.187167477824	4.49324490599	0.697667069912
-3.41235081705	-0.175426465825	4.4996568648	0.703647611301
-3.42265243888	-0.172618600448	4.5367680438	0.701754023316
-3.44807606902	-0.155672736048	4.55700380424	0.702183629358
-3.46334673367	-0.133516058039	4.55240209426	0.702329294709
-3.47784082022	-0.127239294186	4.55368763023	0.706375110962
-3.50255503686	-0.126663146411	4.57590754843	0.704772168044
-3.51328125044	-0.12608574433	4.59635985885	0.707400495014
-3.53867856388	-0.124345945442	4.62568458177	0.712387752754
-3.54927095382	-0.128431838021	4.63791591171	0.709711242053
-3.57098250195	-0.124908963965	4.65993197128	0.711703586278
-3.58541629184	-0.126677712633	4.65308399097	0.711291803879
-3.61117649137	-0.11955791517	4.65646880785	0.785553705679
-3.62396569415	-0.115979232303	4.67210892522	0.78957411782
-3.63379970585	-0.118971469437	4.71198914648	0.712910120815
-3.65042859006	-0.116567653518	4.74729923703	0.798903122111
-3.66130670658	-0.125013368789	4.77720740944	0.800218466407
-3.67212150064	-0.13348833348	4.78609015824	0.728318497322
-3.68175491548	-0.12560317135	4.78767171619	0.632599891934
-3.69834879379	-0.133511801679	4.78128989995	0.632439888635
-3.70760031642	-0.143288495799	4.79016501886	0.637475520447
-3.71953192633	-0.150643297719	4.82205275596	0.725226769506
-3.73582552679	-0.15741480169	4.83910711549	0.733402451567
-3.75444519009	-0.169782995505	4.86159286987	0.736018861761
-3.77261552121	-0.16791433472	4.87549243218	0.741571561133
-3.78653536402	-0.164792007548	4.88648478528	0.74102121911
-3.80005416002	-0.164792007548	4.87660753019	0.740735458594
-3.82043897412	-0.161007796593	4.89108824809	0.739661268331
-3.84144887315	-0.160371273081	4.91087701096	0.742410384586
-3.85542831368	-0.154642768225	4.8968869325	0.80554110355
-3.87450669493	-0.155284753611	4.93919675566	0.745280592063
-3.88453984981	-0.154000778128	4.97025045004	0.749785523256
-3.88470921136	-0.145652239271	5.00121278736	0.766530416954
-3.90900048613	-0.128827494154	5.06930726404	0.857519648393
-3.91836785597	-0.139841813801	5.07402783486	0.849587747052
-3.92697750469	-0.150888508076	5.06080194561	0.765888855762
-3.94003116644	-0.165805258001	5.10069547588	0.84538084083
-3.95575406884	-0.161251773784	5.08103471259	0.780835211748
-3.96550660892	-0.173069625152	5.10223213536	0.781484072029
-3.98103456681	-0.171084743543	5.10997621715	0.77682089494
-3.9815965435	-0.173721325102	5.10653198167	0.779242432445
-3.9830886584	-0.15921571541	5.1093552169	0.777631481754
-3.9824638525	-0.165808882764	5.12611725015	0.784804352976
-3.98156316428	-0.169763812595	5.10824562725	0.778105192766
-3.98163538218	-0.169104667953	5.11311305407	0.778487994531
-3.98207799514	-0.167786303691	5.12286615269	0.776891021412
-3.98193013578	-0.171082361741	5.10874005568	0.777672384238
-3.98177228062	-0.171741535467	5.13342508652	0.775896228314
-3.98186168656	-0.169763998674	5.1209964188	0.781174080113
-3.98186168656	-0.169763998674	5.17307853996	0.775048846109
-3.98186168656	-0.169763998674	5.16400459688	0.779197334661
-3.98180219765	-0.171082361741	5.16627410498	0.777422665346
-3.98896192794	-0.173063663206	5.18227415844	0.78359321398
-3.99895407705	-0.165117992321	5.16398256028	0.783700507954
-4.00226164184	-0.175054102051	5.18784796374	0.782186997633
-4.00232251591	-0.173728597049	5.16519727844	0.780062227375
-4.001901207	-0.171740567858	5.17497669617	0.785416850402
-4.00149401318	-0.175053700122	5.1684610415	0.78973328908
-4.00165244612	-0.174391061924	5.17021224081	0.78536210614
-4.00156061474	-0.1763789605	5.16396284764	0.783474030868
-4.00159134085	-0.175716332987	5.16350781323	0.78687295345
-4.00159134085	-0.175716332987	5.15073392043	0.784987505654
-4.00149881557	-0.177704199387	5.14016054487	0.787774311804
-4.00149881557	-0.177704199387	5.13950296515	0.791329806802
-4.00149881557	-0.177704199387	5.14059010202	0.790836533877
-4.00149881557	-0.177704199387	5.14776014335	0.787437429004
-4.00149881557	-0.177704199387	5.15125665042	0.787593414523
-4.00149881557	-0.177704199387	5.14397946469	0.791666725291
-4.00149881557	-0.177704199387	5.13907433452	0.790869274653
-4.00149881557	-0.177704199387	5.13265343474	0.790104577761
-4.00149881557	-0.177704199387	5.16756191926	0.789447359993
-4.00149881557	-0.177704199387	5.15145295248	0.789517283606
-4.01826453333	-0.171049061153	5.15398007909	0.788306117682
-4.03021186549	-0.167053077056	5.11084233188	0.774096459565
-4.03127156318	-0.171061282777	5.10124470705	0.777855967786
-4.03193399745	-0.161710811037	5.09308146588	0.780896434832
-4.05018314728	-0.157679289611	5.15226374703	0.774180841452
-4.06066277301	-0.165077970668	5.10777647469	0.772845874074
-4.07333992972	-0.157659714167	5.10158628243	0.773491420343
-4.08855344419	-0.161044795478	5.07044962856	0.763190847795
-4.09013115569	-0.165113608395	5.04124706961	0.758321528935
-4.09606697703	-0.155607253234	5.06066869796	0.761686104662
-4.1100993768	-0.146754089396	5.0664978099	0.762925525482
-4.12131340674	-0.155633542378	5.05280743666	0.757578679753
-4.13390941235	-0.156320534142	5.08057250442	0.767220069082
-4.14110442105	-0.157705824369	5.05852133925	0.761987621534
-4.16048031097	-0.143884827598	5.04924533976	0.759707656014
-4.17276322502	-0.147353959839	5.08840679273	0.75586566444
-4.18188861667	-0.143883525049	5.06830406954	0.756250684152
-4.19771028764	-0.143899870176	5.06922318912	0.759366747708
-4.2085556308	-0.127130979923	5.05278236404	0.757330236174
-4.22627811839	-0.12224433928	5.07443602302	0.755096076179
-4.2384710542	-0.116611103706	5.06824308655	0.753650422933
-4.25734273301	-0.108133831267	5.10304666617	0.765025657873
-4.26789967558	-0.119473749157	5.07162896271	0.754517402566
-4.28458926501	-0.114494009215	5.08618821945	0.752660219416
-4.29567430719	-0.113066101427	5.08384918179	0.752894543255
-4.31200431336	-0.111638060772	5.08611580333	0.75150106483
-4.32004119151	-0.110919852288	5.08309391283	0.749588223211
-4.33908062244	-0.110204580466	5.1066600321	0.754525493557
-4.35010247303	-0.109481125277	5.11567561523	0.762721630572
-4.36092988526	-0.108031845442	5.14661858141	0.769219467606
-4.37200336592	-0.110214204444	5.15704113672	0.767865589639
-4.37638171845	-0.131316864652	5.154853484	0.772568608993
-4.3844510631	-0.119646117217	5.16224723196	0.681443295117
-4.3897768792	-0.115271209723	5.23174848434	0.775232638579
-4.40499639322	-0.105770262174	5.24113102216	0.783226162094
-4.41428075457	-0.10283165514	5.25440229737	0.78650932733
-4.41618805281	-0.105036642346	5.27021632583	0.790454548371
-4.41686249316	-0.121207840248	5.27778950954	0.786531580445
-4.41690343975	-0.118267405996	5.34768505902	0.813002353448
-4.41694233352	-0.115326943875	5.36367839308	0.720946013792
-4.41681814768	-0.118267376224	5.36759811275	0.717128154412
-4.41681814768	-0.118267376224	5.36311694277	0.723999420731
-4.4203379129	-0.120474538407	5.41572144576	0.724303411268
-4.43154055668	-0.10499074803	5.40457174475	0.739885205388
-4.43822481185	-0.116812581881	5.43339052878	0.760954732251
-4.45394186069	-0.136064419379	5.48092716387	0.866247512497
-4.46848533674	-0.141265292564	5.51819407443	0.878204039731
-4.48206808032	-0.122613265299	5.49486123903	0.880819571762
-4.48101867033	-0.115896656622	5.52056676659	0.888127940447
-4.4870145991	-0.124096619673	5.52267363555	0.885626234523
-4.5092518508	-0.10233319214	5.55719656869	0.977903246595
-4.52023029697	-0.106846581032	5.6042566061	1.01441469996
-4.53086186881	-0.104585107542	5.6495516992	1.04465562442
-4.53902545078	-0.103828678987	5.66631100538	1.04804206478
-4.55229450896	-0.105345038629	5.65982865839	1.05595687615
-4.5631657774	-0.133477990473	5.67390214659	1.06310772036
-4.57089410968	-0.142617886805	5.69333947937	1.07488503697
-4.5795841363	-0.151777105146	5.67239870874	0.99323595281
-4.59417929841	-0.175504415852	5.6795747176	0.998983449731
-4.60923443261	-0.167816615491	5.68730731106	1.00479278795
-4.60950597803	-0.143226363264	5.69150203562	1.01684830691
-4.60988516565	-0.139382429359	5.71187272741	1.03831147364
-4.6301691705	-0.114676744292	5.75740145661	0.955076382444
-4.64069997188	-0.100753839777	5.77697945857	0.967735874848
-4.65397581735	-0.0836807086728	5.77103761812	0.982127668158
-4.66509838238	-0.116339587072	5.7515287819	0.987826264126
-4.67612669835	-0.0913696596376	5.75800082348	1.03194396932
-4.68613748645	-0.0898156873815	5.77117273187	1.12000931226
-4.70054957632	-0.052169260215	5.74395784677	1.25631478115
-4.71357609823	-0.0608182895902	5.74971416889	1.27387637267
-4.72726690747	-0.0245209140177	5.7311169115	1.29336805363
-4.72782551686	-0.0237315324155	5.80195762543	1.23379070025
-4.73788710592	-0.0142430349182	5.79973375281	1.21095787478
-4.7463062519	0.00636475396098	5.76709611285	1.21873477182
-4.75739616748	0.00477883157844	5.76202530055	1.23856209395
-4.75812359067	-0.000783812817383	5.71150722234	1.24723465054
-4.78373305374	0.0311808824548	5.73729655391	1.36390164935
-4.7965815756	0.060010571059	5.69681218142	1.53192730835
-4.80574263662	0.0696464896118	5.66721844423	1.52971429504
-4.82565511988	0.116379050234	5.67572403481	1.55388512114
-4.84564678192	0.179489159158	5.73169141257	1.49706514802
-4.854550972	0.205460220014	5.72840826484	1.4822928433
-4.86318923713	0.280269570833	5.76295264072	1.52405312483
-4.86399637953	0.267260257551	5.70297068349	1.51152280415
-4.86522483155	0.268886999243	5.68906903681	1.52798984122
-4.86496460072	0.2697003206	5.73669332972	1.61151677871
-4.86483666259	0.2697003206	5.68553331463	1.646696491
-4.86483666259	0.2697003206	5.66436836558	1.70295026218
-4.86497723858	0.267260398971	5.58896405639	1.76258667967
-4.86497723858	0.267260398971	5.6617640697	1.71166499882
-4.87172302894	0.265632582674	5.65629010888	1.70153925718
-4.88046320747	0.285219562111	5.67000076249	1.6921797428
-4.89612736139	0.333480838849	5.60904058327	1.75531211854
-4.90790448482	0.40157332107	5.60247235428	1.760731084
-4.91596959383	0.432826944848	5.59535699437	1.75199486058
-4.91633772576	0.467374923254	5.58290500601	1.74841208412
-4.91673527099	0.470664449443	5.67232004872	1.72675653742
-4.92679651757	0.469849056117	5.67319543965	1.70246809778
-4.93353983934	0.506164413618	5.66613410051	1.70651560909
-4.94419441515	0.537603157937	5.67611004176	1.72337606668
-4.94093705187	0.569851010893	5.65991207417	1.72940560565
-4.9548096723	0.57399413573	5.67861271872	1.71753642612
-4.96412013917	0.642902029695	5.67226412968	1.72676798889
-4.97225353147	0.665364171097	5.68001138889	1.7335748702
-4.97708153078	0.729539793437	5.66811990816	1.72922042787
-4.97622743583	0.73786771018	5.65559238682	1.72922521101
-4.97998417457	0.752870595188	5.67546447732	1.73509258159
-4.9876920652	0.755374910328	5.6777929734	1.71769691555
-5.0004786756	0.788000217041	5.67218485517	1.72062292605
-5.00487227742	0.817336035567	5.68545536111	1.72209649989
-5.01054925791	0.918842230076	5.67536976889	1.73078881478
-5.01611192664	0.937322438009	5.68285740529	1.72907545604
-5.02297076054	0.982752995639	5.68631405023	1.72747468958
-5.02778238332	1.01390268255	5.69166408854	1.73142434076
-5.02616555644	1.07709000893	5.67854124449	1.72439743085
-5.02562566109	1.08045556957	5.67632664545	1.72896445262
-5.03042659672	1.08130202445	5.69850992397	1.74358937461
-5.03788002128	1.10324131925	5.69977305065	1.7461468785
-5.04307790417	1.11591118728	5.69307758304	1.72572667438
-5.03643858037	1.19446428712	5.69383517204	1.75810408754
-5.03629583885	1.21385504678	5.69027254709	1.73820519663
-5.03947496264	1.23749210413	5.70209937973	1.74978711998
-5.04380459312	1.25100207228	5.69461473003	1.73246184892
-5.04714071617	1.300046274	5.6858434743	1.7316588902
-5.04668520195	1.33218661005	5.69301162294	1.7373505454
-5.04278547686	1.40234706388	5.68882114545	1.73412212018
-5.04245629657	1.43360481651	5.69087722223	1.73570637953
-5.04469217004	1.45895604664	5.6837038934	1.73997973653
-5.045377841	1.48679540793	5.59939018539	1.79616946819
-5.04263334314	1.53157794886	5.59278246663	1.81762577664
-5.04368452644	1.5586178328	5.58697092091	1.81137479942
-5.03486210592	1.58730659074	5.57639094203	1.82529184166
-5.03184144113	1.59994774785	5.64926176234	1.808901701
-5.03169415074	1.59910535517	5.65770363677	1.82936503829
-5.03582262575	1.62610704218	5.65014180701	1.80958005846
-5.03406386946	1.66744618042	5.64445211416	1.81690490111
-5.02836505833	1.70369276814	5.6471094514	1.81844987069
-5.02419143393	1.7508503831	5.66532735593	1.81717073718
-5.01169489655	1.8054774285	5.68944269357	1.80453998732
-4.99927818492	1.86081231076	5.7167198736	1.79958000169
-4.99518616146	1.87252147986	5.7284219134	1.80058469563
-4.99734208775	1.8976349979	5.75733592927	1.81933371469
-4.98919186966	1.93358400794	5.75270524467	1.80550523077
-4.98343376017	1.94777045905	5.7562731867	1.80867718033
-4.98207417463	1.95444241586	5.6803976172	1.83459909595
-4.98343746858	1.95110691293	5.77858311254	1.82119933475
-4.98786578356	1.96363878838	5.76643083112	1.79650997757
-4.98538753473	1.97782855621	5.77281517408	1.81981610504
-4.97950313624	2.00117225552	5.78194520725	1.8458486219
-4.97287896504	2.03450628448	5.76836325543	1.82352906995
-4.96666721812	2.04781133515	5.75927587377	1.84146083464
-4.97080527239	2.06196716105	5.7311689394	1.84541348265
-4.96411902445	2.088579532	5.6784592328	1.90290963985
-4.94823136945	2.14332064345	5.5371863266	1.97741490948
-4.94445493658	2.16899151499	5.52979089204	2.00060521514
-4.93819488188	2.19545308451	5.52278923155	2.00796712855
-4.91566144387	2.25729852914	5.49230071642	2.00452262304
-4.91074090472	2.26798134523	5.58425471294	2.00385768796
-4.91470914605	2.27867017801	5.47082518546	2.04325816121
-4.90610982554	2.31316470582	5.4629383648	2.0383955698
-4.86721303514	2.42928673489	5.44421626198	2.04689126685
-4.85560467401	2.46017992763	5.43085078162	2.0699201232
-4.84127270584	2.48692404287	5.41661493895	2.07932954086
-4.83537084596	2.51282314255	5.42101492513	2.09623338234
-4.8338963784	2.51443866854	5.41922751551	2.09600422301
-4.83170035445	2.51847718473	5.40839653306	2.09982282992
-4.83036395724	2.53140311136	5.50293350243	2.11122884247
-4.8254863678	2.53866371119	5.49339591668	2.12349548843
-4.82934219815	2.54188914266	5.49257785761	2.12053239901
-4.80551242357	2.59505417118	5.481692399	2.11821817565
-4.80194219994	2.60227823856	5.47703729365	2.12312713496
-4.79203808094	2.62874016146	5.48766115281	2.12343358082
-4.79068364244	2.62954051707	5.48667363247	2.1224159735
-4.78717873314	2.65436429083	5.49182901002	2.12974189635
-4.77893531441	2.67993849958	5.49440504687	2.11709048047
-4.74425427811	2.75713361177	5.49402321594	2.114878898
-4.71892983394	2.81404274642	5.49310681349	2.12348333702
-4.70182111339	2.85023701079	5.49898941853	2.11312287633
-4.62954616447	2.98812899649	5.4970987776	2.11840823172
-4.59128982988	3.06275130977	5.49204620331	2.12067847489
-4.54555610379	3.13284347383	5.48791794798	2.1202447128
-4.53412979529	3.14873167715	5.47949345204	2.10926155506
-4.53788181299	3.15629570453	5.49393117537	2.12377055166
-4.51383093271	3.19627832655	5.48776597292	2.12918947901
-4.50111729894	3.22784735049	5.49210785801	2.13533530019
-4.44745126618	3.31360439839	5.47716850685	2.14738581318
-4.42450024638	3.3549763658	5.46791223093	2.18463669507
-4.35483680809	3.45656426473	5.4712594691	2.21752393792
-4.32280368146	3.50638277904	5.38962923527	2.18816526711
-4.30044783777	3.53937685668	5.29911379943	2.20056101889
-4.24016601679	3.62315529542	5.27593562345	2.25599627881
-4.19002556002	3.69039153543	5.27225649609	2.25890831349
-4.15789987346	3.73197569614	5.27288871855	2.25373210104
-4.13038476003	3.76637411758	5.27936512307	2.25125196752
-4.08107072875	3.82220948885	5.2637678536	2.24939702108
-4.05505872197	3.85798422849	5.27130424282	2.25398042961
-3.9937485202	3.9333611829	5.27060332111	2.25442643068
-3.95141233672	3.98007512517	5.27432888332	2.25275033249
-3.91902856355	4.01655456557	5.27864207209	2.2615078597
-3.88461601384	4.05074076697	5.26772470751	2.26899100438
-3.85557232429	4.08531836206	5.27430906577	2.2756353745
-3.84294187675	4.10313999765	5.27627421132	2.29303612219
-3.81560457973	4.13352084301	5.27952477999	2.31151618809
-3.74837856121	4.20225070151	5.2666543482	2.3528064147
-3.7253772852	4.22569149355	5.26772465234	2.35677171264
-3.6697425742	4.27937437333	5.26048400759	2.35988263699
-3.61580190847	4.32980065139	5.25290145198	2.35652328128
-3.59954874878	4.34644138076	5.25597701246	2.35874789877
-3.55063173164	4.38821254017	5.24806694848	2.35737875627
-3.53652226786	4.40571207771	5.25594942602	2.35866061816
-3.48296130864	4.45419091779	5.25481747436	2.37365429647
-3.45040418053	4.48437737651	5.25738675967	2.36831792676
-3.38673731749	4.53771228842	5.33759294646	2.42599508824
-3.34878943391	4.56810050333	5.24301322703	2.41956726467
-3.29417528908	4.61710755318	5.21998368817	2.47259112822
-3.28226419395	4.62841737846	5.21865683199	2.47281411542
-3.22591259696	4.67103715151	5.21872956023	2.47661276733
-3.16537342885	4.71700574169	5.21099569506	2.48417512313
-3.13130455948	4.74271126366	5.21508050319	2.47725672535
-3.06358586637	4.79121072846	5.21012951557	2.49560609944
-3.03590988108	4.81109129012	5.21402306203	2.48342857652
-2.97698318729	4.85318841391	5.21162492514	2.49948779892
-2.93368562068	4.88201523989	5.21678644526	2.50758585104
-2.89274455115	4.90898234627	5.22111656695	2.51004136715
-2.84399447257	4.93969094039	5.22341248715	2.50973374865
-2.76571397729	4.98693709355	5.21580540938	2.54707487368
-2.68733923682	5.03232194232	5.19808711253	2.59912250379
-2.63561017613	5.0623618247	5.19598909149	2.60343455747
-2.60516511135	5.07966695411	5.1959397459	2.60950920791
-2.54790982115	5.11281268312	5.18582999865	2.60004881305
-2.52626833421	5.12544691248	5.19262320247	2.60923864385
-2.45538325831	5.16339909021	5.1835079988	2.61169206584
-2.41937401128	5.18251291633	5.18972053007	2.6121940462
-2.35937880118	5.21305682652	5.18865984933	2.60811561634
-2.32928669957	5.22801442794	5.1928937115	2.61707733884
-2.25948026441	5.26235082897	5.19210131669	2.64103716901
-2.20013243636	5.28959323334	5.19060925454	2.6364167504
-2.1656486305	5.30515559685	5.19168224329	2.67645606205
-2.07192912533	5.34464029728	5.26555081544	2.7246204605
-2.02268579304	5.36460194541	5.169167178	2.73884053665
-1.97102776259	5.38845763215	5.16482289228	2.75075929559
-1.94439441177	5.39887440288	5.16782721592	2.77862118188
-1.90637059986	5.41633666095	5.16131498455	2.75099040283
-1.88102966776	5.42755192579	5.16138335815	2.75676734029
-1.85208626577	5.43830166485	5.16502417394	2.75789563256
-1.81497348626	5.45339101851	5.16130620855	2.76743276327
-1.74591100428	5.47766593802	5.24859872866	2.79428370728
-1.68401384409	5.49904999666	5.24367660708	2.80650122046
-1.65458142039	5.50982392148	5.24224256527	2.78657688574
-1.64004133154	5.51736410324	5.23070896208	2.84670525539
-1.63027470313	5.52287746496	5.14430601024	2.86383351207
-1.6055458596	5.53350247437	5.13633981794	2.87299224264
-1.60145914869	5.53643633772	5.13529994708	2.8751586481
-1.54106254301	5.55340413782	5.2279660928	2.85645726776
-1.53533159233	5.55480022144	5.21808980908	2.87206028395
-1.55222779498	5.55409325373	5.12707045272	2.88551950139
-1.56720856242	5.55007606935	5.13055611369	2.88391441478
-1.5134644465	5.5655045458	5.21929196841	2.92250229396
-1.4924600233	5.57026073704	5.21548778221	2.93079696309
-1.49584610674	5.57183771097	5.13214488703	2.91281448111
-1.52043459924	5.56592652998	5.21431358662	2.96134201136
-1.49908591773	5.57300062769	5.21207411208	2.98864382002
-1.48302170833	5.58109032377	5.10688907338	3.0396845865
-1.4704618139	5.58800452311	5.20715012559	3.01796906109
-1.43807228214	5.59674931051	5.20551699521	2.99924108242
-1.41431703284	5.60487392408	5.20512631993	3.01799390204
-1.38718874192	5.61409348379	5.09958416365	3.05386574835
-1.40742310505	5.61054717449	5.19612847755	3.04610476198
-1.34658446518	5.62657983543	5.18945421469	3.12313740555
-1.32425636507	5.6339090229	5.27963194353	3.13252126853
-1.34040542535	5.63134342222	5.19008133106	3.0940265691
-1.32978235747	5.63530397755	5.18615038057	3.10748887221
-1.33873258177	5.63569524507	5.19607147505	3.10560573505
-1.34129945501	5.63510105254	5.18670531532	3.12293177618
-1.32196352509	5.63903433777	5.18160803449	3.14907800564
-1.32393185132	5.63864410041	5.1851304666	3.14933645294
-1.33521625961	5.639641442	5.0869133682	3.19006187929
-1.33757577682	5.64122061088	5.08651956066	3.19117238391
-1.30549026526	5.65100732028	5.18659822038	3.15480905367
-1.24495662464	5.66373606655	5.17973720722	3.14858856429
-1.24916628078	5.66300848106	5.17413153947	3.17043113316
-1.25712253572	5.66447396174	5.08893904176	3.20510888063
-1.27192070239	5.664461755	5.08881025108	3.2221550946
-1.2651214338	5.66688167881	5.0975228726	3.20009844452
-1.23791871729	5.67552266244	5.10553572093	3.21676772547
-1.21943531774	5.68036612928	5.10495999381	3.2247262377
-1.20337655874	5.68618149207	5.10269456996	3.23574041206
-1.19471306714	5.68879204703	5.09706341522	3.28278545291
-1.19872799056	5.69053121054	5.19190574513	3.27828251969
-1.16682830705	5.69893597308	5.18281099363	3.30378759635
-1.15713379283	5.70362293816	5.17476858953	3.33483078587
-1.17696604881	5.70261282455	5.18384993473	3.31286383394
-1.18023630545	5.7017639415	5.17844306248	3.29555342174
-1.16144125277	5.70703328038	5.18616319061	3.30220033654
-1.14135935272	5.71016975634	5.17762606516	3.31504439644
-1.15514975008	5.7100164037	5.16965804391	3.36581764194
-1.17914467245	5.70831953658	5.07672398585	3.37631563308
-1.19691956073	5.70746724664	5.16799256734	3.39329862274
-1.19916036547	5.71008780565	5.17295755461	3.39501737323
-1.18420542368	5.71405732961	5.17228315537	3.40348471879
-1.21355620751	5.70885482135	5.1783517059	3.40950439536
-1.20119768495	5.7111298208	5.17294066402	3.43077922147
-1.20418788884	5.71060743007	5.17428778719	3.44456759974
-1.2178772686	5.71060901546	5.16816351778	3.4825130152
-1.25046047392	5.70860861615	5.17635890862	3.48969781177
-1.26449102181	5.70860493924	5.1722468571	3.47817471614
-1.28113045908	5.70954430869	5.17682415296	3.52479177758
-1.29638631911	5.70916315492	5.17198563965	3.49688476348
-1.33221718357	5.70469221437	5.17151738341	3.50140026554
-1.36640934319	5.70011044892	5.17375501608	3.51867826722
-1.33626383582	5.70874095417	5.16014815166	3.55287810512
-1.38494586384	5.70268116408	5.16087483575	3.58409324613
-1.4047056931	5.70059596621	5.1630738599	3.56979742574
-1.43740683201	5.69676577725	5.16154024533	3.60660311363
-1.4305917981	5.7019436372	5.16790721381	3.58019475899
-1.46038165097	5.69759624917	5.16542105092	3.60337481465
-1.49881329152	5.69313596986	5.24731677213	3.65899731959
-1.52062109915	5.69130818198	5.25048485627	3.62903805029
-1.56999927072	5.68378368687	5.14575634166	3.63896495807
-1.61241625532	5.67626423293	5.14689929981	3.63547196585
-1.65078803975	5.67201290866	5.14765717575	3.64386549242
-1.67440896695	5.6684393905	5.23755959147	3.64742995081
-1.72120500034	5.66086385629	5.12630886935	3.66503565846
-1.77478754575	5.65086004839	5.10430345696	3.7047930495
-1.79101945047	5.64947813665	5.09764499105	3.70553342687
-1.7966698646	5.65474056367	5.17972887125	3.73504927543
-1.80731291779	5.65557972741	5.17290611524	3.71071143377
-1.80362646102	5.65641746716	5.16825544559	3.6937744809
-1.79267898824	5.66115739727	5.15388387933	3.69690266219
-1.81854266182	5.6586348045	5.10808896907	3.72693401555
-1.84468778421	5.65266830085	5.04185526457	3.70728200331
-1.86817604968	5.64603932824	4.86653661358	3.67311666316
-1.84476152554	5.65324775858	4.84982115389	3.69400019392
-1.83896997	5.6587022242	4.85129503255	3.69235433297
-1.81801337892	5.66436499028	4.91693740696	3.74104346021
-1.80816739124	5.6671716754	4.90932733448	3.72419986114
-1.82028708748	5.6668837971	4.8878596492	3.74678824502
-1.84977266085	5.6580675802	4.88333277731	3.72412781284
-1.81956209849	5.66688610446	4.85419996417	3.72550700544
-1.82648429926	5.66490931596	4.77890848816	3.71967043077
-1.82648429926	5.66490931596	4.66475004765	3.65440177724
-1.83718446236	5.66348913265	4.64996851321	3.66915796063
-1.80291123848	5.67678206486	4.65813633975	3.64519303172
-1.79890506186	5.67789616687	4.63054885261	3.69357987661
-1.77651493939	5.6845287642	4.64910769192	3.66082523764
-1.76129604245	5.69497630385	4.71262314617	3.72678186145
-1.76581964938	5.69579432784	4.70581054476	3.72689133271
-1.75480995879	5.70424031899	4.68567414379	3.75495043987
-1.74219698412	5.71371171636	4.69616684784	3.72068712417
-1.72751906636	5.72121288807	4.68533555122	3.72857623935
-1.72431000754	5.72200918125	4.67485374012	3.71858634505
-1.71674555717	5.7241255553	4.64848286016	3.72126670974
-1.73173732782	5.72252989773	4.60870504293	3.70323519224
-1.71934361894	5.72785083945	4.53988618634	3.61135985397
-1.709032063	5.73524948643	4.51738474917	3.63746105538
-1.67942340282	5.74645936835	4.50736288089	3.65855540852
-1.52928463202	5.79154081466	4.53226272995	3.72881336631
-1.46247892934	5.81029482898	4.52947645347	3.71088433605
-1.45063341978	5.81467832605	4.52673025351	3.70126174124
-1.41183739711	5.82714936582	4.50070936338	3.70862972143
-1.35968424462	5.84058129165	4.47700379367	3.67765586313
-1.31329148064	5.85167290697	4.37284229701	3.60566736863
-1.27216587383	5.8623370914	4.36237045372	3.57525262601
-1.26248595865	5.86568822204	4.34875401706	3.59444080027
-1.17883807772	5.88385585688	4.34494967534	3.59099428517
-1.05408504905	5.90669951645	4.37948487752	3.65313542039
-0.981187713868	5.91910809006	4.37761867601	3.65078928069
-0.926314657265	5.92712333861	4.36699080504	3.65313028095
-0.820518527246	5.94096421452	4.33772622024	3.63586063671
-0.750187713268	5.94931982765	4.2834190968	3.60888823261
-0.691205778873	5.95512219568	4.2239360261	3.50602557419
-0.609325559361	5.96194809392	4.20040283973	3.4872562077
-0.579097591014	5.96462708527	4.20819597613	3.49700334426
-0.50343403568	5.96884761611	4.183299889	3.47966864963
-0.49977867398	5.9690548055	4.2178285925	3.54444406924
-0.49765241683	5.9691573539	4.19774416342	3.55175502533
-0.515411413599	5.96873399871	4.2055231915	3.55070347482
-0.464903190818	5.9718985904	4.17860595616	3.56533162576
-0.410431439365	5.97433071969	4.18377977821	3.56780591015
-0.293362619461	5.97770769355	4.18433217382	3.55984220424
-0.24286875273	5.97837899875	4.18704968125	3.56643147958
-0.178707223002	5.97843789697	4.17432290838	3.56067773254
-0.178738323611	5.97840414835	4.17531891955	3.57434665432
-0.118379412973	5.97767273444	4.15899824554	3.58464280309
-0.0856020438825	5.97701231722	4.19000393096	3.57850721085
-0.00249534961478	5.97458725895	4.17965376393	3.56939994063
0.0011661692094	5.97413486067	4.19311145227	3.58025256729
0.0200568073052	5.97337076395	4.17804876861	3.58581209101
0.032955359975	5.972614515	4.21159122096	3.57446317881
0.0663701696573	5.97115038243	4.18506305988	3.58241257651
0.0894847381412	5.97001615572	4.17538811414	3.5820205881
0.0884427692781	5.97006746207	4.18456965638	3.58399265321
0.101457928109	5.96908309317	4.18077002061	3.58260051591
0.117954952551	5.96820450461	4.18147245406	3.57619593981
0.114853531115	5.9680351236	4.1675201974	3.58909549682
0.12537914209	5.96752365413	4.157407185	3.58404856235
0.163284296861	5.9645205067	4.15607911696	3.5863568365
0.195175016096	5.96192450286	4.13880383618	3.58622190199
0.309102071814	5.95225142389	4.10323329985	3.57952584225
0.349168616391	5.94789222475	4.08030435465	3.49242702633
0.392966888695	5.94366862713	4.07091975106	3.48929600075
0.413799254154	5.94020876507	4.09751210647	3.4871387255
0.435234539677	5.93747174421	4.07657762229	3.49339238387
0.488307171736	5.92994900273	4.06514375541	3.48839486112
0.521309070715	5.92526228992	4.06536572361	3.47625031031
0.601675729654	5.91313450376	4.08684199273	3.57686165892
0.647183361071	5.9060626033	4.05300466012	3.46867117077
0.721560294842	5.89321784504	4.02511285759	3.47562564091
0.781407911901	5.88222860764	4.03096519485	3.58124730027
0.870612250707	5.86427452383	4.03807757389	3.5720274523
0.94917062902	5.84756843686	3.98745693887	3.46648657402
0.988327855285	5.83857658794	3.99018744461	3.45557386824
1.0742981402	5.81791756566	3.98483098674	3.44810729359
1.15995279269	5.79581154521	3.97172977979	3.44774999554
1.23712143842	5.77430086684	3.97248394875	3.44608754424
1.2997546695	5.75632872844	3.96557958781	3.44939932351
1.3441731833	5.74302849059	3.95863777464	3.44161306777
1.46099331031	5.70634245418	3.94027703609	3.42466764706
1.51863921375	5.68684757379	3.92766221944	3.42164533687
1.60967699002	5.65478993424	3.90879895774	3.42174786518
1.6677451096	5.63325736141	3.8828892234	3.42478047669
1.72146918263	5.61239868469	3.87894924328	3.42554898597
1.84223121881	5.56669611653	3.87442376814	3.40760340141
1.84949004222	5.56383212783	3.88752257455	3.40725439536
1.84449063887	5.56346839072	3.83305214537	3.38516924613
1.82586965798	5.56560058276	3.82360839494	3.38478340097
1.82964401851	5.56030464384	3.82125940814	3.38091041217
1.87904489774	5.53949222851	3.7944654169	3.3881434578
1.94024069276	5.51253506101	3.77969259916	3.37961547816
1.96837338132	5.49936136685	3.78789349197	3.38450357273
1.99456280555	5.48905827273	3.75570920521	3.36345250066
1.99879767661	5.48713763263	3.71820298604	3.36162784874
2.00554247954	5.48444109884	3.70527069312	3.36059806717
2.00005385136	5.48675323386	3.70456442637	3.35834784051
1.99576597375	5.48637012681	3.69086490429	3.36151354963
2.03624022157	5.46662281652	3.69985982686	3.35463594554
2.09945929889	5.43691542437	3.68470420809	3.35206139383
2.12600145672	5.42558883447	3.69684281285	3.33540595177
2.13056470388	5.42355273516	3.67833278393	3.33403999742
2.11575136823	5.43005436174	3.67104751324	3.33349108588
2.11200255593	5.43167325821	3.64926615711	3.3370805384
2.11579401428	5.43005436174	3.63533744154	3.33644375202
2.11200255593	5.43167325821	3.65194871479	3.33082822716
2.10820996831	5.43328950735	3.63283408962	3.32745792395
2.11010640317	5.43248171375	3.61967051346	3.32088415736
2.11105451483	5.43207756872	3.61318399265	3.32162789479
2.11105451483	5.43207756872	3.58539535256	3.32314220281
2.11105451483	5.43207756872	3.58699893735	3.31958083607
2.11105451483	5.43207756872	3.57831386712	3.31469027683
2.11105451483	5.43207756872	3.56599318701	3.31258039708
2.11105451483	5.43207756872	3.56851799348	3.31105942879
2.11105451483	5.43207756872	3.55765074037	3.31023014436
2.11105451483	5.43207756872	3.57552640935	3.30976293149
2.11105451483	5.43207756872	3.56910015143	3.30936660865
2.11105451483	5.43207756872	3.56496391652	3.31337603442
2.11105451483	5.43207756872	3.57593624353	3.31192986315
2.11105451483	5.43207756872	3.58069779336	3.31594977611
2.11105451483	5.43207756872	3.57666596311	3.31742224169
2.11105451483	5.43207756872	3.56977028208	3.31642453064
2.11105451483	5.43207756872	3.5648044053	3.31661532666
2.13464599294	5.41990179977	3.55435306406	3.3163523469
2.12793729757	5.42275585832	3.5677105821	3.31861241713
2.14195544456	5.41663011284	3.55699640696	3.31528569976
2.13451805488	5.41990197841	3.55370872397	3.31731254124
2.13535951628	5.41582752609	3.55897769314	3.32683453588
2.19542453113	5.38648045869	3.56507349598	3.32037743888
2.22175884956	5.37172814618	3.56809324415	3.31681616778
2.25433220093	5.35383890709	3.55454372513	3.3214957382
2.27037682086	5.34308134272	3.55195223678	3.32267272026
2.32765155322	5.31034618942	3.56415918192	3.32727053389
2.37646906709	5.28360330597	3.56763530805	3.33104542153
2.45471061852	5.24337265301	3.56982691207	3.3118403981
2.45973089994	5.24058502732	3.56093779373	3.31106761924
2.47057134433	5.22943368315	3.57765327756	3.31504234358
2.48285021847	5.2210153312	3.55212769302	3.32089816528
2.51512756878	5.19930989223	3.56899478596	3.31951616039
2.54437377303	5.17976857154	3.56190757171	3.32107635974
2.59125039211	5.15170079748	3.55724308008	3.31378792584
2.64026167942	5.1202371307	3.56362937034	3.31586722164
2.64234732826	5.11924353088	3.55932138312	3.31665111273
2.65106452255	5.11426654993	3.5664917212	3.31535300855
2.67994798674	5.09325311276	3.5658113012	3.31555203771
2.67609923137	5.09576928615	3.56785936946	3.31613846585
2.68095831113	5.0892214683	3.54831288125	3.31769694392
2.71377645745	5.06342198953	3.56807313482	3.32231213038
2.72485221432	5.05271748248	3.54710327577	3.33170256672
2.78681996767	5.01089879123	3.55579482436	3.33434938343
2.88062116472	4.94254364283	3.55712550503	3.32491757344
2.94055590869	4.89582750587	3.55286156465	3.32963823616
2.976244727	4.86715628986	3.55426042515	3.32960515443
3.02079315089	4.83248997491	3.54830806973	3.32229783529
3.05399601276	4.80030717983	3.55675662819	3.32493707246
3.04559161628	4.79859257567	3.54737204333	3.32971345149
3.08881625626	4.76037994348	3.52850152922	3.33013215587
3.10433079133	4.73679627609	3.53687527191	3.33492226024
3.12162137526	4.71771466813	3.53254549513	3.33726681788
3.18962268341	4.65091878502	3.52749180873	3.33434716998
3.20722550719	4.63075188297	3.50570236667	3.33297893407
3.29020354566	4.55372024636	3.44886132847	3.21650709099
3.32123807817	4.51944365466	3.48368207347	3.32126238986
3.37768808374	4.46305107038	3.48892239731	3.31417262081
3.43336501179	4.40517422277	3.46687077322	3.31015091528
3.45208390889	4.38989402272	3.43634676402	3.29334164649
3.44684995659	4.38098911526	3.42422389735	3.29362576455
3.46235640182	4.35736064167	3.39696217881	3.28692781028
3.47128201615	4.33943758284	3.36926553879	3.29733882763
3.50134441055	4.31301520488	3.38045018615	3.28779457767
3.51211139284	4.30329858829	3.34609756007	3.27426346458
3.5033753208	4.29553856227	3.32940349167	3.26805299374
3.49830020483	4.29101331925	3.3028836527	3.26224400711
3.53889044185	4.23262812986	3.28227321628	3.32328118807
3.53889044185	4.23262812986	3.30617637567	3.3709881047
3.58911288455	4.16889914309	3.30506139888	3.35625093782
3.59609010159	4.14835924442	3.27821564314	3.35185162714
3.61229555376	4.12776620606	3.1891147616	3.30206094241
3.62889893166	4.1003960076	3.20124567213	3.3056196747
3.61466442337	4.10106272726	3.1977873425	3.30376154716
3.59521699988	4.11968381299	3.23572491016	3.30072960157
3.60182088921	4.10707421556	3.20247957513	3.29484516629
3.59086085586	4.10707421556	3.15591118125	3.29342212985
3.55243721883	4.11890067537	3.07626717232	3.28845368801
3.54851982456	4.1195558509	3.16454384907	3.29970512438
3.53426335578	4.12870483659	3.20388289088	3.2967763232
3.5158529335	4.1306675703	3.15133557133	3.20320227936
3.49484742163	4.144907075	3.12297486446	3.20645771842
3.51895278727	4.1067566211	3.11527006662	3.20383507367
3.50963450528	4.09899366873	3.09378718122	3.20308198903
3.51891750186	4.08084397642	3.12223760711	3.21400473589
3.57333363892	4.00894231818	3.11901633126	3.20156436228
3.58673703613	3.97990259639	3.10426585519	3.20954864963
3.60878584937	3.94675191062	3.07792237825	3.21484674669
3.62883709345	3.91474786291	3.08087913967	3.22002852236
3.6452441118	3.89865240211	3.09050456015	3.20614873096
3.64432964606	3.89327977914	3.08122429298	3.21347374594
3.65095319818	3.87112680208	3.08237748895	3.21577775852
3.6431489721	3.87112680208	3.0747096286	3.22186839451
3.65414399739	3.84761300075	3.07082871174	3.23457985187
3.69219356783	3.79678994512	3.0779113065	3.21323172133
3.71583886882	3.76271787832	3.06285225783	3.22324879201
3.72189918747	3.74561555151	3.06343515566	3.22614934542
3.72317965198	3.73192076966	3.07120759757	3.23286943458
3.76436381549	3.68781283685	3.04947027201	3.22306057369
3.8062621914	3.62798445563	3.03906905421	3.22685892293
3.82683537394	3.60481723688	3.03596998874	3.20672795751
3.81093260128	3.62167099362	3.01629654712	3.21114921551
3.77609950727	3.65447864897	2.99623297279	3.20341324998
3.76942206121	3.64755717926	2.97294119811	3.19509933734
3.77220446398	3.63508038187	2.98416522965	3.20371156944
3.7952792665	3.60515980707	2.97926581746	3.19253268947
3.79660107889	3.60236708526	2.9500025485	3.18297511573
3.78205726107	3.60794416226	2.94252333239	3.19235030716
3.82183697881	3.54855663429	2.91362844793	3.18345180954
3.81955870242	3.54083656654	2.92897195482	3.19075041123
3.81798238382	3.52047637449	2.9050573569	3.18768959955
3.80356802089	3.52047637449	2.89266502757	3.19294845172
3.85394509635	3.46063972105	2.88135673766	3.19213740756
3.89863749358	3.40650828632	2.86362915534	3.17849126078
3.90911510284	3.39503325337	2.86109532955	3.17238730192
3.92022969888	3.38209028496	2.83362792087	3.1723775233
3.92435862191	3.37704784327	2.85464699189	3.16891229604
3.92716781088	3.37272240803	2.85182417158	3.16884030918
3.9200949399	3.38136939652	2.8060268953	3.16380041683
3.92528143425	3.36841064644	2.76183788921	3.15471075432
3.94515450011	3.34384164675	2.77293869346	3.15777482821
3.94069451582	3.32434788647	2.76824389299	3.16165204783
3.94426281851	3.30698269137	2.76895410449	3.16162205612
3.94710638632	3.29610344586	2.75266507107	3.15789074886
3.94362881636	3.28453111046	2.75854675633	3.17674528146
3.99381397253	3.20375188022	2.74407415473	3.17210354526
4.00137076216	3.19421577825	2.7371685736	3.15722868033
3.98858566555	3.19201928357	2.72844939605	3.17062192593
3.99924514275	3.12385317669	2.73439734563	3.1589477026
4.00425760187	3.10771373672	2.73783091024	3.17003961398
4.0282171198	3.06056711024	2.73932491682	3.15132410255
4.02073469518	3.04951690344	2.74040006075	3.16682896881
4.03239509903	3.03400645285	2.7385007408	3.15362339198
4.02024503678	3.05025422308	2.74122659224	3.15891638111
4.00672457606	3.04878808029	2.73908112616	3.16432137779
4.02183814196	3.02964058836	2.74105825543	3.1530606785
4.03021160586	3.01708768694	2.74903726876	3.15661739748
4.02413680992	2.9964408299	2.74857358862	3.15018665888
4.01250283205	2.99865117254	2.71719942041	3.15157188845
4.00639028332	2.9810099508	2.72996235169	3.15612093487
4.00567018776	2.96779640751	2.74950744384	3.16745788419
4.00880626528	2.93033881131	2.73461068302	3.16248079637
4.01052287357	2.91564165351	2.73093959689	3.16401540805
4.02275272388	2.86926633074	2.72191998958	3.15650705974
4.01822565251	2.86337238839	2.7305994062	3.16643012506
4.02929532993	2.84197691321	2.73934877289	3.16451609641
4.02941813184	2.83976016643	2.71254933835	3.15839732523
4.02158037169	2.84419214398	2.69408089799	3.15362655255
4.01669588376	2.8353537457	2.68040321876	3.15481037396
4.01026970528	2.82873200041	2.64608641138	3.15804352615
4.02845856407	2.76979039685	2.6171947333	3.14149522334
4.02744654607	2.75724463019	2.59207683712	3.13662067362
4.02744161377	2.72331725632	2.56959831663	3.127845673
4.02946924791	2.70633073554	2.57448126194	3.16443985844
4.03011211141	2.70559161025	2.56537511818	3.14664362781
4.03036284929	2.68787346692	2.54860008009	3.15055405509
4.00732576572	2.71587019548	2.55416022123	3.14958499366
3.98252814251	2.74664740227	2.55752196407	3.14859749373
3.97115689149	2.76416482477	2.5369683448	3.14722001558
3.97280031706	2.75541561787	2.55544366727	3.15060056344
3.9573979768	2.76559630702	2.53600138674	3.14643488802
3.94244278985	2.7851912623	2.52735308159	3.1442490449
3.92893436822	2.79674363973	2.53635989523	3.1492078057
3.89905302217	2.84059763614	2.58150666147	3.16291099014
3.90571284159	2.82338897611	2.38098917139	3.10971575455
3.902125291	2.81694099671	2.38288638573	3.09695633172
3.86391084932	2.84828714296	2.3421232656	3.10218432116
3.86269608329	2.83055525975	2.34493631517	3.09646312617
3.86055634241	2.83197422186	2.38038141066	3.10122872403
3.86555938705	2.82416451841	2.35552210578	3.09663292551
3.84802585742	2.83054011296	2.34912819414	3.08632904555
3.84535785771	2.81993769258	2.33190280338	3.08313504342
3.82855560608	2.83472886428	2.32337694126	3.08983214616
3.82357415942	2.81576982746	2.29414820858	3.08980729954
3.81845883803	2.80594082665	2.30682143492	3.09003551235
3.81431390653	2.79401821986	2.30794820557	3.0893350683
3.81035307106	2.78002023904	2.28660172271	3.09852090618
3.82401349832	2.75052630235	2.28601475241	3.09018057584
3.82606345642	2.72663869976	2.28959773831	3.09046538109
3.81141936695	2.72382130655	2.25916998213	3.08501310202
3.80138482442	2.72032320968	2.25872374862	3.09015361723
3.79694446995	2.6966123165	2.23097244345	3.08195556925
3.79676534664	2.67568181308	2.20727236934	3.07127465995
3.78191781746	2.66454109108	2.20468379353	3.07117194634
3.76856843682	2.65274655803	2.19994364624	3.07174339908
3.76280952152	2.64028561344	2.19259751156	3.06957016979
3.76988879388	2.63058108725	2.19713548157	3.06652965308
3.77111674573	2.6271130159	2.1905514609	3.0640725618
3.77157520288	2.6264190126	2.15736454276	3.05991189902
3.77249175378	2.62503076601	2.13956504127	3.04829384335
3.77157520288	2.6264190126	2.12798014068	3.04202532223
3.76882264343	2.63058183156	2.11387537162	3.03748833291
3.77019946807	2.62850078239	2.10516052591	3.03373336273
3.77157520288	2.6264190126	2.07779723668	3.03039678128
3.76790415506	2.63196879705	2.05385455815	3.02596243324
3.77065816745	2.62780693917	2.02979571044	3.01821124971
3.77111674573	2.6271130159	2.00682567774	3.00853017889
3.77111674573	2.6271130159	2.0053836549	3.00636440461
3.77111674573	2.6271130159	2.00273534594	3.01017713045
3.77111674573	2.6271130159	2.01102522409	3.00813652366
3.77111674573	2.6271130159	2.00315822441	3.00325886438
3.77111674573	2.6271130159	2.00883065935	3.00503661526
3.77111674573	2.6271130159	2.00829806961	3.00330773428
3.77111674573	2.6271130159	2.0025902848	2.99628161242
3.77111674573	2.6271130159	2.00407369829	2.99650373191
3.77157520288	2.6264190126	2.00105474719	2.99981826306
3.76088169513	2.6271130159	1.99975975818	3.00144871638
3.7704593131	2.59527500267	2.0011321578	3.00205021221
3.7690998854	2.59735619245	2.0197265238	3.00541588648
3.76745241148	2.59804955576	2.05991660419	3.01701446616
3.76194861605	2.57312408764	2.03533380721	3.00757372769
3.76194861605	2.57312408764	2.046776071	3.00922515666
3.73997971902	2.57591393235	2.0256763913	3.01318351881
3.72943615455	2.56973494233	2.03700616771	3.01406762692
3.72563424426	2.55739913122	2.05431937561	3.01826552817
3.707282836	2.54713890778	2.0344509622	3.01648943117
3.70235720648	2.53964200547	2.03180357913	3.0170602769
3.69719688716	2.54304835697	2.04129257967	3.014562703
3.69477370063	2.54440987166	2.03880572267	3.01584391141
3.69477370063	2.54440987166	2.03084137264	3.0203641098
3.69600279795	2.54304831976	2.02155608144	3.01457237905
3.69600279795	2.54304831976	2.050334158	2.93116000534
3.69769193773	2.54032433119	2.02355601936	3.01795601528
3.6890347909	2.54032584215	2.02857062296	3.02107342436
3.69001757921	2.5233546963	2.02790698142	3.02469752626
3.68684767749	2.52607211061	2.02735433026	3.0231828581
3.68791293881	2.52199818507	2.03667923443	3.02239598308
3.68738741571	2.52267757325	2.02565780029	3.02862132999
3.68789916824	2.52267757325	2.02334627203	3.02779176551
3.68174424873	2.52335700367	2.01839702618	3.0261252324
3.67404783124	2.51794328734	2.03844732665	3.03563874151
3.65334275824	2.51455959555	2.01845679221	3.03515066725
3.6522515476	2.51590511178	2.03147657936	3.03150781123
3.6586758988	2.50445255164	2.02555034185	3.03242824308
3.65766256322	2.50647538051	2.02747965618	3.0378886461
3.64809878859	2.5071479113	2.00946000566	3.03561601903
3.64351306072	2.50043480067	2.03734356846	3.03595458531
3.6300056973	2.50780632796	2.01597659163	3.03077606159
3.6160400389	2.50647938492	2.01927055028	3.03925119539
3.59509854405	2.50912889403	2.02263191364	3.03632005179
3.58561959934	2.50979052018	2.01763120096	3.03921733317
3.58288182927	2.50780753374	2.01475456235	3.03618448618
3.58422654114	2.5038408386	2.01305126637	3.03945702489
3.57598781843	2.49259987136	2.04075595407	3.07217570869
3.56283679284	2.49984007698	2.05172220649	3.07752699038
3.55926887892	2.49589781604	2.04634377681	3.0680355447
3.53322354994	2.52208001142	2.08349319136	3.08565194332
3.53124866508	2.52468887123	2.03478112184	3.07494898181
3.53212972011	2.52338452063	2.02478849867	3.07596597672
3.5305659194	2.52664537852	2.02921093935	3.0711096182
3.5305659194	2.52664537852	2.04566919062	3.07708042198
3.53092155323	2.52599337568	2.03804316079	3.07804234284
3.53268411871	2.52338459506	2.03904987106	3.08131272245
3.53224364809	2.52403690556	2.04298815032	3.07564379395
3.53048062731	2.52664537852	2.02054412464	3.07228837932
3.53224364809	2.52403690556	2.05045789209	3.08039679406
3.53224364809	2.52403690556	2.05145439026	3.07488652647
3.53224364809	2.52403690556	2.0381219562	3.07560240001
3.53224364809	2.52403690556	2.04536428783	3.07590791236
3.53224364809	2.52403690556	2.04969014754	3.07409102345
3.53224364809	2.52403690556	2.0427180128	3.07471464987
3.53224364809	2.52403690556	2.02136451956	3.07293761222
3.53224364809	2.52403690556	2.04548060586	3.08087279203
3.53224364809	2.52403690556	2.03923194543	3.07502646308
3.53224364809	2.52403690556	2.04647605124	3.08077759357
3.53224364809	2.52403690556	2.04540663974	3.07781076594
3.53224364809	2.52403690556	2.04332991438	3.07418323625
3.53224364809	2.52403690556	2.02231843556	3.07094875529
3.53224364809	2.52403690556	2.05118419338	3.07395738771
3.53224364809	2.52403690556	2.04708617185	3.07480059083
3.53239949274	2.52273233422	2.04351565376	3.07644947371
3.52480419593	2.51882662377	1.99507801618	3.07028563319
3.5046911068	2.52984461837	1.9993052657	3.07002750818
3.48871582532	2.53952711991	2.03159328442	3.06943707619
3.47602809153	2.55819150838	2.0556025011	3.07917534088
3.47213336309	2.55306112151	2.02168356927	3.07171472938
3.47027546502	2.5434438989	1.99062234513	3.0658408897
3.45956703754	2.5511281125	2.01377574297	3.0694864873
3.45313152439	2.56071391735	1.97924363123	3.0714688799
3.45877550819	2.55049268397	2.03092119637	3.07625387556
3.4578849951	2.55177142747	2.00898873068	3.06782701935
3.45565676	2.55496692559	2.00016838921	3.07240678876
3.45638174274	2.55496700746	1.98111969352	3.07042882684
3.45638174274	2.55496700746	2.0064660196	3.07583512783
3.45638174274	2.55496700746	2.02721651842	3.07330741123
3.4576337263	2.55304960698	1.97639604237	3.06934957493
3.45629645065	2.55496700746	2.0186485124	3.06889120407
3.45540437587	2.55624488534	1.98881410933	3.07052395085
3.4571880793	2.55368881827	1.96463367897	3.06404485993
3.4571880793	2.55368881827	2.01685281607	3.07254403745
3.4571880793	2.55368881827	1.98791867043	3.06799612861
3.4571880793	2.55368881827	2.00368901112	3.07048895573
3.4571880793	2.55368881827	1.96645824609	3.06245431569
3.4571880793	2.55368881827	1.98310727264	3.06986877245
3.4571880793	2.55368881827	1.9820535163	3.06805423932
3.4571880793	2.55368881827	2.0093882514	3.07327216307
3.4571880793	2.55368881827	2.01583005835	3.0760314692
3.45520706318	2.55432768382	2.01241455434	3.07558627088
3.45128780038	2.54540051336	1.96392820288	3.06284156048
3.44078631003	2.56133258866	1.96848311107	3.06943117494
3.44652218514	2.55241768663	2.00054052743	3.06975727015
3.44741292451	2.55114290945	2.01244545415	3.06866637582
3.44255099961	2.55815036276	1.99527509307	3.06840638457
3.44401788206	2.55624009195	1.9689039774	3.06596570611
3.44446397454	2.55560317926	1.98881822971	3.07173373478
3.44535582599	2.55432912034	1.98408165825	3.06898924445
3.44535582599	2.55432912034	2.01528938105	3.06974273246
3.44535582599	2.55432912034	1.96708372627	3.06321516182
3.44357167843	2.55687692678	2.01800690781	3.07060555982
3.44357167843	2.55687692678	1.99868354952	3.06681437378
3.44357167843	2.55687692678	1.98856277881	3.06637932938
3.44357167843	2.55687692678	1.96443318192	3.06416558195
3.44357167843	2.55687692678	1.98569575982	3.07047798991
3.44357167843	2.55687692678	2.01657401807	3.07266099454
3.44357167843	2.55687692678	1.97927730523	3.06872443974
3.44357167843	2.55687692678	2.02430312786	3.06851767426
3.44357167843	2.55687692678	1.9964147429	3.06608354929
3.44312536365	2.55751368372	2.01945971168	3.07062051782
3.44280404964	2.55687706076	1.99252027854	3.0690873771
3.43497692078	2.55624193785	1.93579434849	3.06008615542
3.43038195713	2.56259111109	1.9637902088	3.06989143273
3.4316275166	2.55560728787	1.94305619476	3.06740934716
3.42664914095	2.55243904843	1.99916237922	3.06637999046
3.42916777778	2.54800263743	1.97658849937	3.06353110217
3.43774130556	2.53530249861	1.94200815468	3.05881102119
3.44039427029	2.53148643939	2.01609397098	3.06585100674
3.44127770365	2.53021380254	2.01151706878	3.06887291907
3.43918475825	2.53212250818	1.96713766256	3.06174216434
3.42386845502	2.53909565876	1.96934723958	3.06052393143
3.39361855362	2.57124458596	1.93760148101	3.05141009411
3.35914757967	2.60621616447	1.94368215773	3.06300257125
3.34779215311	2.61988221812	1.93198751674	3.06918662056
3.35235929665	2.61367743889	1.94955747796	3.06650444152
3.36295051759	2.59937586115	1.93049761972	3.06204595842
3.36251205335	2.60062129386	1.93788662636	3.05702059365
3.36341962407	2.59937583882	1.96597425619	3.06866348885
3.36519081496	2.59688400848	1.95521566925	3.06100352729
3.36745566406	2.59376744082	1.93632570474	3.06065849376
3.37107376309	2.588776825	1.92647814596	3.06122643443
3.37152553541	2.58815264296	1.94065666175	3.05866263697
3.37152553541	2.58815264296	1.94448058591	3.0645917616
3.37197719878	2.58752838208	1.9967118686	3.06863817783
3.37197719878	2.58752838208	1.93593196729	3.05801055107
3.35557380611	2.59436298582	1.92662813378	3.05718095518
3.31157014045	2.63942214112	1.93344456132	3.0595064
3.29606648337	2.65165929862	1.91751052325	3.04968375324
3.23508740241	2.71883113488	1.90154396567	3.05620910413
3.22351371355	2.73201820886	1.91500963041	3.06400527558
3.22966098993	2.72423222918	1.91068280681	3.05554025734
3.22966098993	2.72423222918	1.91183001211	3.05735633268
3.22658602597	2.72842673763	1.89528038728	3.05548257472
3.22848999075	2.72603037393	1.90706201022	3.06085184961
3.22983157412	2.72423225895	1.92208003278	3.06105585779
3.22983157412	2.72423225895	1.93757437551	3.05887810186
3.22935605358	2.72483170866	1.90607782102	3.05768486721
3.22460713556	2.7176557566	1.95519122052	3.06742646851
3.22646066994	2.70089602586	1.89867909907	3.05848106716
3.22763630408	2.68532792329	1.888575327	3.05866559023
3.2239631884	2.68114065648	1.8888521848	3.06157360861
3.21454916999	2.67158805129	1.89875362463	3.05779944662
3.20988531944	2.66860901818	1.87758269073	3.05224119867
3.20033020421	2.67812880489	1.87016041172	3.05415202133
3.20524945586	2.67099216918	1.88750730909	3.06008504258
3.20524945586	2.67099216918	1.88056874109	3.05778222641
3.20478322785	2.6715873293	1.89161609672	3.05327576706
3.20206897107	2.67515666975	1.88012189188	3.06045423178
3.20300256932	2.67396721537	1.87985399591	3.05679649789
3.20346921273	2.67337236599	1.86642039664	3.06111335589
3.19766133858	2.67158607141	1.87143007619	3.05494426512
3.19545294833	2.66565522445	1.86762710075	3.05118299438
3.18756707008	2.67454620385	1.86343917917	3.05531590877
3.19171471754	2.66802990075	1.89117365918	3.05836225335
3.18938512914	2.67099307724	1.87050342589	3.05440869537
3.1858229958	2.67573007667	1.86781538419	3.05343435356
3.18590828789	2.67573007667	1.86060682723	3.05864534386
3.18590828789	2.67573007667	1.86717889488	3.06292779959
3.18684208728	2.67454626339	1.8532643999	3.05391175377
3.18590828789	2.67573007667	1.88699146921	3.05803107635
3.18357198203	2.67868818316	1.8587509145	3.05297516968
3.18216895975	2.68046206804	1.86922610992	3.05652240717
3.18357198203	2.67868818316	1.86762588826	3.05478374801
3.18357198203	2.67868818316	1.87026066288	3.05110461651
3.18357198203	2.67868818316	1.85980903765	3.05764852465
3.18357198203	2.67868818316	1.86334383533	3.05434077987
3.18357198203	2.67868818316	1.86722222034	3.05435240009
3.18357198203	2.67868818316	1.86951868075	3.05503520519
3.18357198203	2.67868818316	1.86331121765	3.05194413046
3.18357198203	2.67868818316	1.8602727751	3.05519191405
3.18357198203	2.67868818316	1.86799687932	3.05281845367
3.18357198203	2.67868818316	1.87159702518	3.05430402269
3.18357198203	2.67868818316	1.86461490309	3.05274689439
3.18357198203	2.67868818316	1.86384024963	3.05428081152
3.18357198203	2.67868818316	1.86036552701	3.0547005685
3.18357198203	2.67868818316	1.86920781839	3.05411253386
3.18357198203	2.67868818316	1.86415116564	3.05520350499
3.18357198203	2.67868818316	1.85710891485	3.05653434236
3.18357198203	2.67868818316	1.86154378922	3.05359800643
3.18357198203	2.67868818316	1.86095462853	3.05414929104
3.18357198203	2.67868818316	1.86976430775	3.05116457771
3.18357198203	2.67868818316	1.86343658171	3.05384946361
3.18357198203	2.67868818316	1.87181513563	3.05571803957
3.18357198203	2.67868818316	1.86712947395	3.05484371636
3.18357198203	2.67868818316	1.8653895029	3.05121295511
3.18357198203	2.67868818316	1.869115072	3.05460385012
3.18357198203	2.67868818316	1.86976430775	3.05116457771
3.18357198203	2.67868818316	1.86939331668	3.05312987204
3.18357198203	2.67868818316	1.86411848879	3.05280686273
3.18357198203	2.67868818316	1.86393299602	3.05378949526
3.18357198203	2.67868818316	1.86294022658	3.0539094248
3.17784142013	2.67396792991	1.85879809658	3.05069810548
3.16720812089	2.68811826116	1.86162831643	3.05639090498
3.17346783806	2.67987111521	1.86750338867	3.05783358945
3.17346783806	2.67987111521	1.8597215135	3.0523203105
3.16669079654	2.68163783373	1.85238210026	3.05446943186
3.13322611019	2.70325438752	1.85270644969	3.04958791046
3.10840094399	2.72528947176	1.8495234399	3.05453111944
3.09340433255	2.73105593796	1.850880136	3.05920101225
3.09184596482	2.732782537	1.8503273706	3.05875140237
3.09544520412	2.72817690701	1.83728813406	3.0518333394
3.09553049621	2.72817690701	1.84156163459	3.05563890242
3.08257223761	2.73105398786	1.82701664471	3.05228859484
3.08257223761	2.73105398786	1.83989290268	3.04237285278
2.99250830119	2.81921943022	1.82326115413	3.06263956593
2.99250830119	2.81921943022	1.82072265957	3.05184981945
2.97734513486	2.83536791098	1.82434373957	3.05815631642
2.97936646544	2.8331454944	1.81615877416	3.05233804112
2.97990354015	2.83258967446	1.81617484142	3.05607530628
2.97990354015	2.83258967446	1.80985992088	3.05253009451
2.98138624399	2.83092167466	1.82900562309	3.05384323679
2.98138624399	2.83092167466	1.82802899156	3.06077477203
2.98138624399	2.83092167466	1.82866390527	3.0597167017
2.98138624399	2.83092167466	1.81103108414	3.05480871436
2.98138624399	2.83092167466	1.80295906132	3.05683603769
2.98138624399	2.83092167466	1.83523620523	3.05444638914
2.98138624399	2.83092167466	1.82823827123	3.05928943251
2.98138624399	2.83092167466	1.83198496403	3.0568339897
2.98138624399	2.83092167466	1.83785259179	3.05311685082
2.98138624399	2.83092167466	1.81408297809	3.05732562826
2.98138624399	2.83092167466	1.80679322405	3.06070865345
2.98138624399	2.83092167466	1.83183836817	3.05442627766
2.98138624399	2.83092167466	1.83176152665	3.0515234918
2.98138624399	2.83092167466	1.83085465362	3.0579599237
2.98138624399	2.83092167466	1.80953624598	3.05160221501
2.97452023087	2.83092167466	1.80203979305	3.05559536976
2.9492071155	2.84913750159	1.80516371723	3.05078794271
2.91671134669	2.87376373155	1.80034259312	3.04871724015
2.84745011432	2.93134397793	1.79492732549	3.05740703874
2.80953901067	2.96414489637	1.7805226941	3.05535177747
2.79181115692	2.98198073064	1.77975195048	3.06180953796
2.79333784328	2.97988828928	1.78891374994	3.05777560551
2.79234012944	2.98093473995	1.77253112974	3.05961026106
2.79181981253	2.98145782908	1.77848948789	3.05846348407
2.79234012944	2.98093473995	1.7984269441	3.06067138768
2.79129940433	2.9819808274	1.79278762628	3.05785773417
2.79025831413	2.9830265515	1.77758387564	3.05709710711
2.7876539922	2.9856392713	1.77989956092	3.05757138195
2.78817503897	2.98511690917	1.77624018949	3.0603769105
2.78817503897	2.98511690917	1.765928529	3.06081647162
2.78817503897	2.98511690917	1.77002562483	3.05877565463
2.78817503897	2.98511690917	1.77682365286	3.0539031446
2.78817503897	2.98511690917	1.7749337909	3.05859005447
2.78817503897	2.98511690917	1.77290608443	3.05395203133
2.78817503897	2.98511690917	1.77646459807	3.0578870051
2.78817503897	2.98511690917	1.77173595939	3.05608067502
2.78817503897	2.98511690917	1.77903088673	3.05654923748
2.78817503897	2.98511690917	1.78065145626	3.05485023783
2.78817503897	2.98511690917	1.78447926233	3.05579730138
2.78840658414	2.98407205356	1.77968448249	3.05694170318
2.79427316749	2.96788660392	1.77707276402	3.05477338672
2.79318788106	2.9694568584	1.78992119123	3.05865661729
2.79268259834	2.96893370931	1.7934350832	3.05725660665
2.79268259834	2.96893370931	1.77037021177	3.0573617006
2.79233496017	2.96945688817	1.78255669518	3.05930454407
2.79285318251	2.96893370931	1.79071204317	3.05180232726
2.79337131353	2.96841044001	1.79486489591	3.05448239108
2.79337131353	2.96841044001	1.77439119661	3.05815951248
2.79026115792	2.97154869892	1.78742936228	3.05875705366
2.79026115792	2.97154869892	1.76946048539	3.0524248033
2.79026115792	2.97154869892	1.77047467164	3.05719507759
2.79026115792	2.97154869892	1.78002477439	3.05438792166
2.79026115792	2.97154869892	1.78240646495	3.05503773917
2.79026115792	2.97154869892	1.77516710676	3.0540838787
2.79026115792	2.97154869892	1.7737757913	3.05329579456
2.79026115792	2.97154869892	1.77165361415	3.05506568622
2.79026115792	2.97154869892	1.77431815302	3.05272884627
2.79026115792	2.97154869892	1.76773918396	3.0551211133
2.79026115792	2.97154869892	1.77705364069	3.05480281056
2.79026115792	2.97154869892	1.76979088856	3.05925532494
2.79026115792	2.97154869892	1.77606326279	3.05494110686
2.79026115792	2.97154869892	1.7645323452	3.05802486362
2.79026115792	2.97154869892	1.77224311351	3.05400100124
2.79026115792	2.97154869892	1.77056895254	3.05619954489
2.79026115792	2.97154869892	1.77592183863	3.05643443558
2.79026115792	2.97154869892	1.76556986355	3.05738880097
2.79026115792	2.97154869892	1.77125267658	3.05413930578
2.79026115792	2.97154869892	1.77835067245	3.05658645707
2.79026115792	2.97154869892	1.76818726198	3.05554972738
2.79026115792	2.97154869892	1.77785545398	3.05665560934
2.79026115792	2.97154869892	1.77214883261	3.05499653394
2.79026115792	2.97154869892	1.77448338272	3.0561441178
2.79026115792	2.97154869892	1.77372865085	3.05379356092
2.79026115792	2.97154869892	1.77662937102	3.05928276706
2.79026115792	2.97154869892	1.77898725323	3.05502401398
2.79026115792	2.97154869892	1.7727854134	3.05343409086
2.79026115792	2.97154869892	1.78151037076	3.05418047309
2.79026115792	2.97154869892	1.77750165687	3.05523146255
2.79026115792	2.97154869892	1.77611040324	3.05444334051
2.79026115792	2.97154869892	1.77398816425	3.05621327007
2.79026115792	2.97154869892	1.78214701058	3.05261802177
2.79026115792	2.97154869892	1.77254970834	3.05592295229
2.79026115792	2.97154869892	1.77889297233	3.05601954669
2.79026115792	2.97154869892	1.77853923706	3.05459536199
2.79026115792	2.97154869892	1.77434195856	3.05763744652
2.79026115792	2.97154869892	1.7736815104	3.05429132727
2.79026115792	2.97154869892	1.77651127897	3.05536975885
2.79026115792	2.97154869892	1.7716064737	3.05556345257
2.79026115792	2.97154869892	1.77611040324	3.05444334051
2.79026115792	2.97154869892	1.77700649743	3.05530060658
2.79026115792	2.97154869892	1.77457766643	3.05514855543
2.79026115792	2.97154869892	1.77075751715	3.05420844981
2.79026115792	2.97154869892	1.78443442023	3.05426337198
2.79026115792	2.97154869892	1.77516710676	3.0540838787
2.79026115792	2.97154869892	1.77106411197	3.05613040086
2.79026115792	2.97154869892	1.77299778635	3.05635156637
2.79026115792	2.97154869892	1.76740919519	3.0586055371
2.79026115792	2.97154869892	1.76927192078	3.05441589838
2.79026115792	2.97154869892	1.77224311351	3.05400100124
2.79026115792	2.97154869892	1.77146504954	3.05705678129
2.79026115792	2.97154869892	1.77611040324	3.05444334051
2.79026115792	2.97154869892	1.77922295829	3.05253515256
2.79026115792	2.97154869892	1.77448338272	3.0561441178
2.79077974538	2.97102588197	1.76812513555	3.05638233778
2.788476859	2.97102588197	1.75944207369	3.05656484369
2.79817963703	2.96160574533	1.7738805888	3.05083096087
2.7893570202	2.96109523442	1.78002226071	3.05930546051
2.79843729698	2.94173721753	1.78078040952	3.05610658912
2.81461218532	2.91547298909	1.77630795271	3.05194875074
2.83834997997	2.88270357218	1.77851505153	3.04929068073
2.84304233071	2.86306274014	1.76484348682	3.04894709387
2.84583926069	2.85189604371	1.75035270043	3.05281056067
2.87631019304	2.81764687246	1.75007194614	3.04570328878
2.87483445427	2.8192598564	1.75489141183	3.05216470232
2.87532646103	2.81872228094	1.75239252023	3.04950696145
2.87532646103	2.81872228094	1.7545013477	3.05159285292
2.87532646103	2.81872228094	1.75422397536	3.05018613244
2.87532646103	2.81872228094	1.75528402787	3.04953620952
2.87532646103	2.81872228094	1.75274213295	3.05041888666
2.87483445427	2.8192598564	1.75355591696	3.05741101235
2.87483445427	2.8192598564	1.75320408306	3.05049627401
2.87483445427	2.8192598564	1.75102280073	3.04890551975
2.87483445427	2.8192598564	1.75242176185	3.05255305399
2.87483445427	2.8192598564	1.75173296792	3.04734354764
2.87483445427	2.8192598564	1.75349245072	3.04851716808
2.87483445427	2.8192598564	1.75454163997	3.05125283813
2.87483445427	2.8192598564	1.75313199222	3.05099104313
2.87483445427	2.8192598564	1.75236035764	3.04966208387
2.87483445427	2.8192598564	1.73436264054	3.05394251766
