-0.205	0.0	1.13296160735	0.122153109414
-0.205	0.0	1.13057834453	0.121398095241
-0.206108797131	-1.9352160877e-07	1.12691897	0.11987017608
-0.220821682162	2.5678828856e-06	1.1335248869	0.11681898359
-0.247857530958	0.000358589515114	1.14684873541	0.114185806945
-0.264863224864	0.00113289322884	1.1196296105	0.105880778522
-0.282070422817	0.00212269643443	1.11635309731	0.097091535929
-0.313914415806	0.00392810125766	1.12625602829	0.107258569163
-0.32697128281	0.00490749711816	1.11983349297	0.102157141882
-0.357080481361	0.00925004594024	1.15140227285	0.116076966567
-0.37322204697	0.0116120289476	1.13731777999	0.119913464326
-0.390158309807	0.0133921367495	1.13263480709	0.112964618077
-0.420622782601	0.0182300393564	1.13662048816	0.116289983296
-0.434449614686	0.018109902307	1.12820971458	0.126928350416
-0.47350239275	0.00529176579953	1.17117560807	0.127965300275
-0.484636636481	0.00511208512938	1.20787464229	0.136154602836
-0.502802391922	0.00722090709194	1.21339353469	0.136783608958
-0.535465572923	0.0148837521957	1.24140547423	0.12248237726
-0.542314883881	0.0193472753994	1.26236157701	0.131010678184
-0.556257984571	0.0201443056535	1.32303089713	0.153046591045
-0.58250538418	0.0141898900124	1.30403803155	0.0447663244726
-0.597468282482	0.0118103503675	1.31355429297	0.0456249653417
-0.615405897082	0.00697910303684	1.31405800726	0.0419429792391
-0.644417725739	-0.00129868424897	1.35443790488	0.042316016301
-0.657491495973	-0.00429979406265	1.44308817528	0.0567429989672
-0.681348404144	-0.0142688715092	1.51731875489	0.0591856445813
-0.705710606692	-0.0247896509908	1.58333136465	0.0575546621156
-0.717193482615	-0.0301254671342	1.61358633999	0.0569352047167
-0.731968628896	-0.0319479319206	1.61798268675	0.0530491934048
-0.747344013863	-0.0381573158906	1.64755032855	0.048426142239
-0.754379471825	-0.0405548144935	1.6517654432	0.0495018498035
-0.773052394285	-0.0445851292573	1.67771210022	0.05064785807
-0.78120276398	-0.0472003314621	1.64221523328	0.0476128246842
-0.792029929881	-0.051795954619	1.63569093717	0.052653224848
-0.809787757871	-0.0572370388713	1.65717095138	0.0507851606625
-0.833440419363	-0.0564437515435	1.67382886306	0.0462460180101
-0.848592845488	-0.0543195699359	1.70749522906	0.0479847742719
-0.871369279806	-0.0505223127515	1.7759250655	0.0570503945375
-0.887227093354	-0.0488616949157	1.84358652705	0.0627564291525
-0.90296483418	-0.0457086078025	1.91890279257	0.066001241948
-0.93023304725	-0.0404574726269	1.89684776324	0.0612708588125
-0.94483207227	-0.040203035857	1.91401872565	0.055994083894
-0.966677313518	-0.0366273699442	1.92354574689	0.0523224453816
-0.981213053895	-0.0329836867546	1.93073301553	0.0489812552119
-1.00445643622	-0.0285474915967	1.93833755282	0.0500200823835
-1.01613271738	-0.0262824871645	1.93847211015	0.0471313693826
-1.04633203559	-0.0216273206198	1.95453424018	0.0534931866091
-1.06886097996	-0.0285461729527	1.96941603104	0.0655556331458
-1.08733999538	-0.0411235536712	1.98536684828	0.0657693531835
-1.11325625754	-0.0535211948951	2.02158120544	0.0645171468513
-1.13927565018	-0.0454071349865	2.08305913246	0.0817982271425
-1.1552000727	-0.0422687162389	2.1376192081	0.0907797118184
-1.16728433744	-0.040925154166	2.1735090776	0.0930035242568
-1.19650863647	-0.0385095256749	2.19450834898	0.0954577265022
-1.21383258627	-0.044480595665	2.20026560542	0.103867267111
-1.22936154039	-0.0594562306678	2.21200777275	0.0884345805419
-1.2585841906	-0.0475494019552	2.22773813919	0.0887553959087
-1.27083531003	-0.0432712249355	2.22139387816	0.0835886350896
-1.29949525637	-0.0349200780304	2.26013062845	0.0933879762795
-1.31175362235	-0.0314432698667	2.22794947115	0.0921075849194
-1.33675215645	-0.0279078716647	2.24815484506	0.0926013178767
-1.35312071319	-0.0245107308501	2.24616570102	0.0894800291339
-1.38311569257	-0.0163545239532	2.29075727036	0.104410738989
-1.40504917811	-0.0115661586188	2.33751572269	0.215754385046
-1.41769704848	-0.00860300936397	2.35540350857	0.226185827559
-1.44544658315	0.00109156907441	2.38297693672	0.234424022453
-1.46381460436	0.00568998618974	2.38333008181	0.219352406797
-1.49396924558	0.0155388578372	2.40801690282	0.230023750902
-1.50901069324	0.0196356184103	2.41346520547	0.318029738049
-1.54315352853	0.0277240594671	2.48408107547	0.334525344026
-1.56524677483	0.0315088364043	2.55188619684	0.352393726094
-1.58203507702	0.035583895162	2.56867378239	0.350565968365
-1.60953450839	0.0433948570486	2.58212557378	0.348563643639
-1.6230019543	0.046364812915	2.60590715218	0.356521273445
-1.65589988145	0.0508959957729	2.60665606568	0.354169010017
-1.67037963211	0.0549883167588	2.60846269933	0.352325822582
-1.70224526884	0.0643314798318	2.60865439955	0.350528560932
-1.71491279168	0.0672304264119	2.61178759577	0.341349159029
-1.74475660561	0.0781813504924	2.6192166809	0.339652049442
-1.75758218597	0.0808912394264	2.62777513716	0.339060059007
-1.78243341198	0.0874687849567	2.67854433373	0.348307929203
-1.80807918156	0.0902533350236	2.74441873031	0.359146216945
-1.82953442726	0.0939296780625	2.80542103139	0.371390834211
-1.84685700394	0.101654181394	2.83346458482	0.375677164793
-1.86375918266	0.109453686868	2.84315030848	0.378495598262
-1.89084789037	0.110628186464	2.86452216859	0.376794329562
-1.92037634962	0.121060228146	2.87846560066	0.380180370975
-1.93553732948	0.122570453337	2.86608390192	0.37506189056
-1.96297826819	0.12470885383	2.87511549665	0.368312912632
-1.98091825956	0.129659564213	2.8767123988	0.366315180462
-2.01142427558	0.13120051279	2.88673355713	0.365320435143
-2.02907928429	0.124528030707	2.90431920121	0.363255520208
-2.05598984274	0.120682073793	2.98574523985	0.369997173301
-2.06914618765	0.123610419071	3.04860260679	0.371921491845
-2.1027178647	0.143439552118	3.11589908298	0.375170059965
-2.11894342502	0.172134876446	3.08214709609	0.280058591755
-2.134483282	0.190966439032	3.15525239992	0.376816111171
-2.15601485277	0.18925995503	3.16778807908	0.373879018375
-2.18547362224	0.188907273732	3.16344226788	0.379253540622
-2.20312611906	0.184385312585	3.17205604169	0.379414614649
-2.2162813284	0.18087524172	3.15062377192	0.371776873249
-2.25056594888	0.173060251099	3.15431964433	0.353119899076
-2.26997352894	0.189978301954	3.19712117706	0.351975141352
-2.28694707186	0.222644403933	3.23504264068	0.33698024546
-2.3138258739	0.259929177191	3.3162489479	0.364148073039
-2.32859201457	0.248443131156	3.36474352876	0.373003966754
-2.36100612149	0.242473992808	3.38576941966	0.367907905407
-2.37477211946	0.237930157869	3.38202978501	0.370712880051
-2.38152893335	0.226155725789	3.38449929211	0.36668539407
-2.38329246286	0.228057326614	3.4030351388	0.35880903752
-2.38958432652	0.231476375392	3.40115030868	0.363270601192
-2.40271292187	0.24182512455	3.41128506669	0.380792492255
-2.42366483264	0.232553543564	3.42389736598	0.374284116035
-2.43502735237	0.228661761841	3.43256332024	0.361932367004
-2.46750343419	0.214118277702	3.45252451908	0.353041097779
-2.48524883213	0.208556786168	3.5337205735	0.275041744724
-2.50123831123	0.205754086764	3.55219279672	0.278355491845
-2.52172817582	0.191646295404	3.5809671156	0.185272775234
-2.53630388996	0.191239409032	3.596207736	0.27476936792
-2.56164839312	0.181367245722	3.58663311189	0.274377277577
-2.58667818854	0.17224360943	3.5898568652	0.18701875439
-2.59438591113	0.165154896085	3.6318063714	0.183343429174
-2.62179408751	0.163491037169	3.70431649123	0.180792232348
-2.6327198978	0.157559474652	3.73562687826	0.177939641469
-2.66318498358	0.14559311059	3.77746347567	0.176180169064
-2.67644889044	0.140417231891	3.78181445353	0.171537507124
-2.70876892883	0.128652155026	3.79362091432	0.170483649565
-2.72662205134	0.118546588777	3.79325440449	0.168619576228
-2.75473535022	0.086558318318	3.80625011468	0.17060436342
-2.77423598589	0.0417904429555	3.80510069458	0.167594258037
-2.79294070466	0.00841231099215	3.80313352046	0.170074365268
-2.81101438515	-0.0279303840688	3.80932116954	0.178392424779
-2.84485959776	-0.111999250466	3.8532301379	0.162068428148
-2.8573089777	-0.137465531349	3.893183147	0.26462963878
-2.88116330564	-0.188278329254	3.96564052953	0.178328647124
-2.9097687147	-0.165636265726	3.95958796389	0.24948430295
-2.92296608718	-0.15140716905	3.98200254436	0.261845184957
-2.96916075598	-0.132146207875	4.0181288064	0.351466996663
-3.00146931424	-0.104422041666	4.09414373939	0.366736620443
-3.01473154264	-0.098537574103	4.13116341468	0.372806585899
-3.03299743935	-0.0931131101112	4.14290509849	0.376085862794
-3.03292698216	-0.0886711240155	4.16247932767	0.36676105279
-3.05971020016	-0.0702673300883	4.16273043409	0.379870298381
-3.07723772118	-0.0702767754307	4.1747258271	0.380335083278
-3.09042536905	-0.0662480274759	4.16583380969	0.3720563075
-3.11695558551	-0.0621891321957	4.2244416148	0.281469452732
-3.14843149717	-0.0458116388393	4.25608940451	0.293379960066
-3.15978329559	-0.0452963865914	4.24919061408	0.371343476814
-3.17808043535	-0.0478891277129	4.32417920456	0.385327556804
-3.1904457965	-0.0452838523469	4.35584548284	0.386289621693
-3.21450085648	-0.0274703619798	4.3781650017	0.388068542146
-3.24010350133	-0.0121516768556	4.3932609357	0.388535022991
-3.25342677862	-0.00629913278758	4.38031033787	0.392507049507
-3.28486094765	0.00388061860998	4.39883584737	0.386727305958
-3.30425498694	0.00874088715243	4.40016315593	0.387745807836
-3.35199070878	0.01581989318	4.44709847036	0.301166599476
-3.35199070878	0.01581989318	4.44076794238	0.297911893977
-3.36926970986	0.0318321852004	4.43161003925	0.376976174937
-3.36989372877	0.0522677308728	4.44006446596	0.374191716432
-3.386089962	0.0600352784336	4.49993552085	0.297264992719
-3.40340298389	0.0778502075107	4.53051868963	0.213412739479
-3.42134448313	0.0800916247093	4.53414508017	0.210024834355
-3.43582136483	0.0738890329528	4.51473882225	0.220962556521
-3.46321786719	0.0188328331246	4.53136159569	0.216059020089
-3.50387421649	-0.0947095798275	4.61014288915	0.211943764089
-3.52737568846	-0.160146480045	4.68546071547	0.208868203938
-3.54261107233	-0.189246256536	4.71695808244	0.207223870055
-3.5635762152	-0.181042413831	4.69450196474	0.298143781323
-3.57957752123	-0.179277568134	4.70792449661	0.298651874694
-3.5994742077	-0.182832352812	4.70626950885	0.382842664295
-3.6178196083	-0.178672230504	4.76422242104	0.393053167668
-3.63010417201	-0.174487807615	4.80400811141	0.397113734358
-3.64075318809	-0.167902800597	4.83233668704	0.393655236284
-3.66111754395	-0.154636739195	4.82584333809	0.393850942367
-3.68869073343	-0.123121464226	4.86645867166	0.405029132344
-3.70994442077	-0.108468372604	4.85350525707	0.393062557408
-3.72370132508	-0.0974145452756	4.85439724569	0.310221968076
-3.7408512922	-0.078297373464	4.87838175607	0.313150565713
-3.74090166564	-0.0739775704678	4.93119464871	0.318515914532
-3.74207235141	-0.0665695906736	4.92710168459	0.32176477936
-3.74161055054	-0.0684218338397	4.93640111733	0.325942701595
-3.74808075343	-0.0690402191362	4.97463501634	0.32609691934
-3.77112865928	-0.0435412696054	4.98143920518	0.326506457447
-3.77750522831	-0.0416707160396	4.99860434793	0.315316681108
-3.77798866294	-0.0404235102016	5.03335290257	0.32897551428
-3.77914839426	-0.0310664989657	5.01356222589	0.328484074693
-3.77800510496	-0.034809990576	5.02882070339	0.328290778203
-3.77792583394	-0.0341863979026	5.0085039853	0.325722743596
-3.77815077976	-0.0329390978034	4.9993253578	0.32467588676
-3.7782581969	-0.0304445006028	4.99842194802	0.324272645871
-3.77823026847	-0.0335627446426	4.95973266156	0.236107502084
-3.77811941396	-0.0316918681221	4.96410477977	0.236524733235
-3.79445832362	-0.0310600755363	5.00185794236	0.320991916267
-3.80685992374	-0.0404998022591	4.97539691585	0.328525724835
-3.81478281577	-0.0713733077586	4.94786843003	0.307133493339
-3.83330248122	-0.0561810434592	4.9270621813	0.30373724845
-3.83868311865	-0.0498504031837	4.9197884906	0.308487034479
-3.84711003238	-0.0409511806389	4.92119918659	0.309044972256
-3.8550160107	-0.0466828068335	4.92624155885	0.307728727061
-3.86344345117	-0.0409361901648	4.92712724019	0.307506872874
-3.87223674422	-0.0505325186418	4.94755876627	0.303275966054
-3.87328441197	-0.0575748934219	4.9205365995	0.301485329805
-3.8805274905	-0.0492473545861	4.94147868256	0.302491425538
-3.89770468027	-0.0466764429496	4.9348339861	0.307101236985
-3.8939307046	-0.0801524819056	4.93560231983	0.307771720897
-3.89482805018	-0.0717807195735	4.9374481187	0.299784111622
-3.896176225	-0.0608297850537	4.94245837837	0.304365785567
-3.89620756942	-0.0588970814516	4.93208008705	0.30332796006
-3.89538695898	-0.0595409382058	4.92967433404	0.308940722843
-3.89532222577	-0.058252776315	4.92771901687	0.303358379828
-3.895342335	-0.0569646073262	4.94054427706	0.305471709312
-3.89565584089	-0.0530998360477	4.94669319098	0.307354674705
-3.89569201218	-0.0505232594777	4.96099639141	0.309466383295
-3.89569201218	-0.0505232594777	4.93880972731	0.305346390581
-3.89560387098	-0.0537439389798	4.93630848887	0.304844015768
-3.89560387098	-0.0537439389798	4.94029895306	0.30121724455
-3.89561319486	-0.0530998062752	4.94373166666	0.303112399159
-3.89560387098	-0.0537439389798	4.96491579334	0.390613624504
-3.89561319486	-0.0530998062752	4.96689547859	0.309693406949
-3.89561319486	-0.0530998062752	4.98673137911	0.395349474088
-3.91027410995	-0.0537464994196	5.04789781679	0.42090660546
-3.92162458527	-0.0589331508892	5.077465932	0.429193014484
-3.92790900652	-0.0680358366161	5.10030636514	0.407828792915
-3.94855613722	-0.0484468386004	5.09801208943	0.416994167527
-3.94717931681	-0.0340783741417	5.10868284784	0.42715269584
-3.94791143615	-0.0216665516676	5.1088832606	0.417542277107
-3.96433016251	-0.0216640954319	5.14131031903	0.349871205738
-3.96835722683	-0.00329391255739	5.12518266115	0.354540295623
-3.99677555897	0.0145745044953	5.17846530293	0.353939180681
-4.00599087852	0.0225397162422	5.1545609238	0.338649171035
-4.00681440918	0.0324915288739	5.16668950901	0.340418380044
-4.01778920317	0.0437984494258	5.1925105088	0.345161862844
-4.04041032277	0.0524708363019	5.22096214901	0.352531661057
-4.06305705098	0.0491141137532	5.23486229834	0.357343911779
-4.07630906188	0.0531681675344	5.28853737041	0.432095067082
-4.1045312386	0.0959802494474	5.32757762462	0.443677060485
-4.12193317989	0.121936598105	5.32545091746	0.448743467657
-4.14955969242	0.130163941887	5.3518575629	0.454567519014
-4.15373900475	0.130163941887	5.34281784797	0.44929850896
-4.18248231068	0.146120794558	5.35572504946	0.449262311129
-4.18820354028	0.16139737042	5.32409191457	0.362688282693
-4.20165720462	0.171163547489	5.36293014975	0.371530739991
-4.21735205763	0.176040093534	5.40740754078	0.385776116321
-4.24259115432	0.13659670483	5.40765509527	0.378336748054
-4.26504324215	0.0821589249969	5.42021094631	0.369187074685
-4.28340284082	0.0586831098345	5.45279018938	0.378952022175
-4.29333296598	-0.00336201253663	5.45104530098	0.377152261236
-4.3160095968	-0.0212642431689	5.51286387756	0.295572014246
-4.33509534563	-0.0521707825494	5.52722451709	0.283584885003
-4.34540976203	-0.072415422018	5.50124280499	0.293304628014
-4.344596739	-0.127329791483	5.4787634573	0.279058427775
-4.34574096115	-0.112876447006	5.50912432231	0.293285625831
-4.3517143997	-0.114320781882	5.51506598706	0.303920492931
-4.36651462473	-0.128848722987	5.58939356565	0.321223119676
-4.37219456102	-0.168107209028	5.60863932641	0.334363302004
-4.39315024779	-0.160056625703	5.63677958524	0.427794145576
-4.39396929366	-0.213444809001	5.62666609824	0.435486707235
-4.41373958457	-0.217045362614	5.63674369005	0.423893488831
-4.43029007108	-0.194246693806	5.64475890252	0.430227554944
-4.44727859634	-0.1994169602	5.64123501154	0.422243267221
-4.45983510614	-0.186799673532	5.6945055981	0.417697055722
-4.47256632113	-0.182334094077	5.66806410949	0.420017840776
-4.49116633611	-0.177104029068	5.67046180738	0.421270230083
-4.50021414806	-0.174855084271	5.67016562093	0.413287841305
-4.52971911719	-0.130385715737	5.65593525009	0.515493913686
-4.54256728067	-0.0993495437434	5.66939409296	0.536354399766
-4.57403339883	0.0163498279772	5.70921047662	0.596252355667
-4.59054652275	0.0683616072119	5.76350992473	0.644653588256
-4.59100099821	0.102046131577	5.72930930175	0.699890163571
-4.61767570154	0.165936129949	5.72427698983	0.72708456986
-4.62617102467	0.189087813495	5.77017084139	0.758364225064
-4.64713774012	0.2316952463	5.77687544986	0.775177243147
-4.66102515054	0.282231501357	5.76168399725	0.767068459946
-4.67051039416	0.34057544623	5.78110982919	0.791571918454
-4.67985451731	0.374169074525	5.78165406033	0.723262774243
-4.68220849021	0.407753738209	5.81429983975	0.752534882657
-4.70427601548	0.44233764162	5.81306759829	0.666992462127
-4.71368654006	0.469888236163	5.80439863265	0.65494831054
-4.72444948001	0.581916138832	5.80389604739	0.665283714605
-4.73245679574	0.644357309676	5.79832974026	0.677972535224
-4.73771207307	0.753602429411	5.79555901978	0.718325702798
-4.74643047295	0.758338731177	5.78268173217	0.761763898228
-4.76229518104	0.748810251858	5.77383613885	0.846682237415
-4.7699835005	0.744826836354	5.76497439281	1.01551007216
-4.77645785454	0.718508447973	5.79909223976	1.0557071149
-4.77562331835	0.726486837661	5.80022358784	0.976381726185
-4.77524230422	0.72887991074	5.80416237373	0.980604558706
-4.78701288142	0.736876095815	5.85397685585	1.02712123561
-4.79989304525	0.735282521696	5.81378505203	0.99871686423
-4.80572792494	0.741707070629	5.8010221068	1.00233263821
-4.81344168506	0.744115643845	5.79072642696	1.01931971561
-4.82305271279	0.777163287314	5.77754865042	1.03983147224
-4.82910067818	0.777970356977	5.78413944793	1.0981237663
-4.83672736744	0.782819980076	5.76183782576	1.15728825414
-4.84271021618	0.804675467343	5.72640894795	1.27838906013
-4.85495396626	0.828194935313	5.74057816666	1.30778535113
-4.85980606248	0.902200186312	5.74416305594	1.32313558742
-4.86398046635	0.946942609765	5.79615839119	1.27459403822
-4.8656718543	1.00311088325	5.80229616323	1.27334360202
-4.87983866409	1.07807594993	5.7975436999	1.30104583303
-4.89696501683	1.05924978029	5.79268459913	1.30550762467
-4.92899006223	1.05431881576	5.80065961325	1.31630049125
-4.94214054292	1.05597245405	5.78444466935	1.31240605278
-4.94762850165	1.05928369123	5.7714157093	1.32106122557
-4.94647598951	1.07087230188	5.74021481218	1.37326145209
-4.95975212996	1.082493573	5.71897651217	1.43942287094
-4.95832434595	1.07751644301	5.6174702055	1.54161239124
-4.96332815429	1.08083788666	5.61085242642	1.57133427688
-4.97784227091	1.09667181987	5.60644606674	1.56518881193
-4.97972223232	1.08001170228	5.59122335356	1.57879510535
-4.97730961346	1.09751055994	5.68370156489	1.59444589923
-4.97935187366	1.09251187222	5.6861726013	1.58940050357
-4.99723002436	1.12346835515	5.69033399727	1.58831745068
-5.01827915583	1.13355174223	5.6800489832	1.58915819887
-5.03253451029	1.13186668378	5.65040667957	1.54783846679
-5.05136108148	1.17162060247	5.65753281471	1.5626947576
-5.05922888339	1.20636722967	5.63022123443	1.57287987915
-5.08342982694	1.22762684557	5.50694686307	1.62890329684
-5.093567414	1.2592017465	5.48860964595	1.64210885839
-5.09980621674	1.30364679196	5.47890885259	1.65865073929
-5.11549373721	1.34134173166	5.48247855504	1.66744389614
-5.11922395997	1.39629405557	5.47279010596	1.67402028063
-5.12093686956	1.43402802053	5.54618484122	1.69603752141
-5.12528936411	1.47871566657	5.54987431222	1.72273645105
-5.13420276354	1.49763887396	5.55446776977	1.70436689295
-5.14870271517	1.53214942795	5.55731692788	1.70764069771
-5.15480699068	1.59959622148	5.55600636041	1.70411026527
-5.162598574	1.62988791354	5.55499257684	1.71057091448
-5.16481720221	1.68707487027	5.54570063381	1.71674857823
-5.16398386126	1.73819413226	5.52128273279	1.74484015926
-5.16074649441	1.76759843292	5.4901931722	1.79227802493
-5.1715519473	1.77973930957	5.49682900961	1.80304361237
-5.16006484128	1.85254817997	5.39389700496	1.80428860373
-5.16884413601	1.84823346565	5.39477786852	1.82795139395
-5.18737196902	1.88561796419	5.47415184471	1.85786331707
-5.18637426638	1.92130709411	5.47477822862	1.85314931532
-5.18731247935	1.92130709411	5.4716104496	1.84882778918
-5.20155729234	1.93874067412	5.48888196839	1.84745063354
-5.19651609202	1.98935402984	5.48519599927	1.87215616927
-5.20704354835	1.99021989881	5.48839708522	1.86020872173
-5.20151943202	2.05050995241	5.48679919435	1.85844970007
-5.20225706532	2.08892091227	5.49263056355	1.86603087013
-5.19390850594	2.16833488586	5.4959267056	1.87140010238
-5.18382538071	2.27803561129	5.49626673752	1.8866048799
-5.17881733371	2.34500586857	5.5013715075	1.88421843142
-5.1708833441	2.3979732547	5.50145531836	1.88043621756
-5.16274788162	2.47687808246	5.5071206114	1.88458882932
-5.15181424295	2.53312751322	5.50683381618	1.8828599232
-5.14231772652	2.6022228968	5.51015151148	1.87457480925
-5.13624458435	2.63844137121	5.50943100235	1.86259342245
-5.12549842169	2.7150343529	5.50875620908	1.87247157225
-5.11568682574	2.76399378596	5.51654731501	1.85502680618
-5.08671380882	2.89147304682	5.51888088511	1.85112869004
-5.0739072692	2.94258527123	5.51882155889	1.85202556333
-5.05752785835	2.99087747633	5.51677932084	1.8579769748
-5.04926411158	3.0256194724	5.52525712201	1.84487029087
-5.04763751568	3.07044250774	5.52999347502	1.85870682032
-5.04609166192	3.09920400932	5.52878935848	1.8446557425
-5.03246711489	3.14819952468	5.5303822918	1.84619175297
-5.01688589147	3.19957247136	5.5318639635	1.84004162544
-5.00100387863	3.26171805879	5.5392797648	1.85490974582
-4.96219251221	3.38517593875	5.54694527721	1.84798029787
-4.94564764079	3.42667584599	5.4525287575	1.81919073044
-4.88863062344	3.54606852853	5.46249585466	1.79593778533
-4.8562641258	3.62275048871	5.46661378583	1.76597786028
-4.82744653272	3.68756325371	5.36966301478	1.72224035663
