pre_start
-0.205	0.0	0.934259885931	-0.257807856565
-0.205	0.0	0.952894884872	-0.237533358441
-0.205	0.0	0.933715081554	-0.248140348105
-0.219030548222	2.81350645484e-06	0.901667687899	-0.282735997176
-0.232803089226	-0.000341348239889	0.91052290305	-0.271263879275
-0.234633173488	-0.000579274717917	0.916339102872	-0.259085793115
-0.242952851281	-0.000280792358589	0.971723862056	-0.0971538600431
-0.247299376302	-0.000598809952163	1.01212824623	-0.0618382494916
-0.261198577573	-0.000851627338344	1.01779886574	-0.0450598824758
-0.274521509242	-0.00201422743862	1.03236132214	-0.0521378228195
-0.288592183268	-0.00210099347177	1.03214685332	-0.0535594141106
-0.295158935192	-0.00213246500644	1.05674469694	-0.0462872909017
-0.310170342621	-0.00213111779831	1.0570745731	-0.0562194085156
-0.317674531135	-0.00220977999249	1.04975285818	-0.058949425722
-0.337969152083	-0.00247005435154	1.0877389085	-0.049100888063
-0.351339875239	-0.00345075630512	1.11112626571	-0.0447911505184
-0.362723567818	-0.00509453660993	1.13276816393	-0.058057185982
-0.378001975764	-0.00470737909147	1.12663173181	-0.0656858880615
-0.385972609149	-0.00486530931828	1.14834779325	-0.0728897699395
-0.401147623118	-0.00513150666095	1.18217414724	-0.0809754370466
-0.415595359109	-0.00549655730579	1.21111162212	-0.0765611124037
-0.422834232517	-0.00591477965334	1.25479485218	-0.0755129470391
-0.44441010242	-0.00752197172775	1.2825281369	-0.0719269824438
-0.458418285338	-0.00942476387335	1.28186961959	-0.169272870186
-0.470018008942	-0.00942632693243	1.27919172007	-0.167806229978
-0.490624673836	-0.0115039433581	1.3007133971	-0.161660482017
-0.500803207645	-0.014705640605	1.3187683429	-0.157210055327
-0.52136077833	-0.0219088107123	1.36159720528	-0.171906467965
-0.542929229163	-0.0272418413766	1.45788757637	-0.0874589917622
-0.557417389645	-0.0299884743412	1.48086677346	-0.0841026186783
-0.575413824299	-0.0334193164442	1.48662992348	-0.00474325990015
-0.587866522403	-0.0308925374551	1.51297556284	-0.100644458669
-0.603437667921	-0.0308524722036	1.52054075447	-0.103303543811
-0.613147080927	-0.0332037683671	1.52203272076	-0.109785420336
-0.631613017589	-0.0321012778751	1.52531511934	-0.115318594241
-0.650348025529	-0.0307171340712	1.58196916533	-0.122817974298
-0.659655557761	-0.0305584312072	1.60405696366	-0.123155229377
-0.683302664649	-0.0308862833586	1.61931833059	-0.130169003064
-0.700382526974	-0.0305463584366	1.63177240401	-0.132745437429
-0.713997246491	-0.0303681061688	1.64335569672	-0.140772661306
-0.733139388733	-0.0297361630901	1.64561988003	-0.141457530054
-0.743028072845	-0.0298300671574	1.63264364751	-0.143637169713
-0.763747435358	-0.0291510527917	1.66109557729	-0.145842161675
-0.783059986572	-0.0275554179565	1.68771229995	-0.153947525054
-0.795858600005	-0.0274517358599	1.70989722611	-0.166323543123
-0.809009266265	-0.0251412946193	1.70893350247	-0.169612759097
-0.832499088507	-0.0242979887869	1.72450875355	-0.170210871046
-0.845706552727	-0.0246317385064	1.72461800772	-0.167374713473
-0.865229549579	-0.0237150433316	1.74265934582	-0.173366484264
-0.878484150374	-0.0239489739739	1.79017540595	-0.182437260071
-0.89860467631	-0.0241980856993	1.82598836058	-0.184550284483
-0.908596408033	-0.0250577093611	1.80824300004	-0.278457809961
-0.921901973813	-0.0250577093611	1.81236843257	-0.2812449725
-0.947802917382	-0.0303875756926	1.82998827049	-0.275368363997
-0.962706964753	-0.0415856579983	1.84290639746	-0.287832850818
-0.977775030394	-0.0531618525251	1.87098898178	-0.290260047405
-0.977696747703	-0.0595022514935	1.93001134544	-0.20975385484
-0.991514065831	-0.0595032935329	1.94936749601	-0.209080911589
-1.00740120449	-0.0614341449865	1.94919197301	-0.212473871887
-1.0251086536	-0.0595735324164	1.97933114863	-0.221678018055
-1.03166870664	-0.0572690750803	1.97688469273	-0.221898106034
-1.03202769455	-0.0594344297267	1.9911970842	-0.227456486232
-1.04987848859	-0.0572182013113	2.01204738667	-0.225176713372
-1.05761635982	-0.0549862478857	2.02103210838	-0.226722866145
-1.07796787728	-0.0534673582408	2.06799233475	-0.233066200015
-1.09001266977	-0.0531552183493	2.05774892301	-0.3252265812
-1.10956618563	-0.0520642335902	2.06261448633	-0.323879263223
-1.11964691249	-0.0554169543339	2.07675635814	-0.31609231113
-1.13788362814	-0.0745464583084	2.09187547627	-0.325444626268
-1.15596846748	-0.0937220368856	2.10805178168	-0.335215699791
-1.16133200677	-0.104903623783	2.16903501649	-0.256561259007
-1.16145758728	-0.108743599194	2.20924311282	-0.266800635628
-1.16140497244	-0.1095782616	2.2328281051	-0.269955855077
-1.18140132521	-0.107712204383	2.24237156118	-0.272386545901
-1.19978940333	-0.0973415864088	2.26110486216	-0.27538492919
-1.21324165497	-0.0940037668957	2.2918479285	-0.278427239166
-1.23345986959	-0.0872246857702	2.29667260961	-0.283915191258
-1.24778593627	-0.0897677179631	2.33772715164	-0.291182024565
-1.26882218621	-0.0880932364145	2.38478024809	-0.297654628339
-1.28267244839	-0.079461198189	2.42497889557	-0.307642016778
-1.30253701115	-0.0741294755748	2.50085531107	-0.233017664758
-1.31284748178	-0.0696828641434	2.45976737321	-0.320744582258
-1.32812965052	-0.0652314976124	2.48532911856	-0.311596208508
-1.34066279772	-0.063057194073	2.53747339482	-0.245083144911
-1.35858332204	-0.0554398140901	2.57973607243	-0.244533044321
-1.37139646681	-0.0576877618824	2.58815266322	-0.320498327763
-1.38451203009	-0.0786573328162	2.60865411361	-0.335413439619
-1.39088218608	-0.0834077771284	2.64410505368	-0.341384603405
-1.41066375167	-0.0771100898645	2.62649465563	-0.338077512705
-1.41963503768	-0.070539346409	2.64411164378	-0.338313175642
-1.43973026758	-0.0649607647323	2.66648110696	-0.357550014472
-1.44999140791	-0.0593118030001	2.68655044458	-0.352503067739
-1.47414801534	-0.0531461555997	2.7378468899	-0.35328281473
-1.48733212806	-0.0475607601183	2.75888641142	-0.347652294453
-1.50054200021	-0.0403396888825	2.80002494507	-0.254059784863
-1.51014273542	-0.0428672540127	2.75760670804	-0.338885615686
-1.51985354908	-0.0346065229734	2.75270797276	-0.349572981052
-1.54209580913	-0.0151301368708	2.77419691322	-0.340600540992
-1.5423782685	-0.0125625796458	2.78343018889	-0.340582173417
-1.55988943339	-0.0141920569863	2.80007208046	-0.3389745875
-1.57165494893	-0.00990404349119	2.7763084508	-0.34234731465
-1.59390696599	-0.00243643160506	2.80121999162	-0.335548167959
-1.61079692159	8.05758099216e-06	2.79971725988	-0.341895287829
-1.62115936406	0.00124389007956	2.79304898659	-0.343464289186
-1.64096805347	0.00798651424799	2.79762554092	-0.342612071298
-1.65391255245	0.0110166061183	2.79479641902	-0.347540842747
-1.67376321806	0.0176589655937	2.80365231102	-0.350031980688
-1.71118629661	0.0223350757792	2.80456183322	-0.354521076367
-1.72466380072	0.0249832059101	2.81397838556	-0.351402026157
-1.73805137055	0.0276542815563	2.8035529151	-0.352142770328
-1.75871559103	0.0262929483981	2.79073325764	-0.355013563403
-1.78065687668	0.0188990410353	2.79305886367	-0.361867309362
-1.7914396322	0.0194528141085	2.79022793822	-0.36433038888
-1.81260843376	0.0180499181469	2.78644136323	-0.366550816779
-1.82674511865	0.0160717213158	2.78425486845	-0.366299336807
-1.85011514758	0.01608109967	2.82302604334	-0.367157816243
-1.87716808324	0.0186877871905	2.78860257889	-0.450124822883
-1.89733161138	0.0228139167643	2.80409947045	-0.455052512576
-1.91177549787	0.0165639431232	2.82089274936	-0.443918560954
-1.93706843031	-0.0162259732867	2.87114311666	-0.447370460346
-1.95139980858	-0.0338779198526	2.98046506205	-0.361634375003
-1.9566638791	-0.0521756104187	3.04297013876	-0.369182736624
-1.97012593667	-0.0481744115115	3.03543654024	-0.370344577669
-1.98201827092	-0.0398126731355	3.04002129169	-0.366742748669
-2.00255412968	-0.0322982281026	3.05517976797	-0.377915679225
-2.03296490215	-0.0237389181462	3.07282848253	-0.37493995436
-2.05290344877	-0.017945848214	3.09337856215	-0.379624885527
-2.06624731743	-0.0134038132549	3.12333023809	-0.382789607204
-2.08999618518	-0.0062087718087	3.16560073218	-0.386986014451
-2.10360948097	-0.00190454484889	3.14437614043	-0.473900993339
-2.11704086151	0.0034295948669	3.18438910753	-0.385275511068
-2.13767622209	-0.00568342736842	3.1690375882	-0.470547030616
-2.15150230302	-0.012803867439	3.16898386583	-0.478401790228
-2.17176350193	-0.0121421387323	3.1892822768	-0.47807830668
-2.20591606072	-0.0537799428356	3.25883876438	-0.394632517187
-2.2226640822	-0.0731064356409	3.27543393949	-0.401388851432
-2.23668478086	-0.0709782892833	3.25701126508	-0.309051243055
-2.24254578949	-0.0692206158909	3.30487731805	-0.405312280292
-2.25060364206	-0.0667214899955	3.29918381931	-0.422636633404
-2.26956708918	-0.039048210223	3.31023181977	-0.41585705459
-2.28889021241	-0.0249001668225	3.34125890984	-0.409854289063
-2.30281774974	-0.0227059105031	3.3974405473	-0.414579787716
-2.31674652703	-0.0201289927635	3.35432990712	-0.509988918673
-2.34984511217	-0.0142228441959	3.37770105062	-0.50331221853
-2.37372821736	-0.0361000509607	3.4088625848	-0.51523239105
-2.38713088763	-0.0486530839661	3.42407244397	-0.519121877985
-2.40722034615	-0.0605366483653	3.50120272002	-0.433496032747
-2.41744028648	-0.0655566805775	3.51375493276	-0.429198365412
-2.44107375271	-0.0760366193005	3.5414406888	-0.445263185287
-2.45154841912	-0.0713316191817	3.52501612075	-0.437715248316
-2.47615488927	-0.0642173133748	3.56604104019	-0.439964144352
-2.4903367267	-0.0618265007202	3.60558097455	-0.443872330289
-2.5043762672	-0.0582184289176	3.58281551707	-0.44507983304
-2.52918088343	-0.0497301206723	3.63972736731	-0.440870472688
-2.53996027582	-0.0460624319833	3.66284882792	-0.447196030857
-2.5541571862	-0.0337682560735	3.63007280735	-0.543847301374
-2.55471758039	-0.0362288939847	3.63527108908	-0.541648414155
-2.56963768809	-0.0337494100513	3.65722864459	-0.540747943
-2.58244884684	-0.0325051658234	3.65929567722	-0.529616807108
-2.6036223518	-0.0508836133386	3.67548066753	-0.528555484491
-2.62059564803	-0.0618247661091	3.70354452253	-0.515369112747
-2.63078292552	-0.0698693363391	3.74818463905	-0.414364428455
-2.64983056503	-0.0813649526961	3.77455454385	-0.397706638604
-2.66382877619	-0.0770671309385	3.80839409067	-0.389228834805
-2.66425260574	-0.0757794797318	3.80721061087	-0.386770055794
-2.67981506941	-0.07446126114	3.81871671445	-0.396001365285
-2.68650221993	-0.0532485391507	3.83639998402	-0.386110335065
-2.69137482156	-0.0584596577427	3.88031154699	-0.367048928601
-2.70511656725	-0.0479892681925	3.86171712711	-0.47111547239
-2.72354758143	-0.0234226505563	3.874089789	-0.467937037221
-2.73410736954	-0.0141531037198	3.88005715816	-0.457614977374
-2.75795872532	-0.0239217125825	3.90004213162	-0.456181361259
-2.77501013599	-0.0355627748136	3.90979077664	-0.454368894626
-2.78807531722	-0.0310567999799	3.93121271732	-0.443263170833
-2.80859873958	-0.0301643195541	3.99331983325	-0.324229433626
-2.8188624544	-0.0347264207317	3.99607647173	-0.31509333086
-2.83954578199	-0.034717637829	4.01981325819	-0.316619299899
-2.86011915033	-0.0143698390298	4.06026205894	-0.305371257889
-2.873889876	-0.000408733663985	4.04233376227	-0.313257672427
-2.88760010782	0.0108174593297	4.0397834955	-0.316303786228
-2.91185755271	0.0291928588118	4.0658665018	-0.303433936595
-2.91901761936	0.0424518680186	4.07025874234	-0.287833681004
-2.92461821577	0.0386484555139	4.08298443902	-0.398767155763
-2.93797617398	0.0510414126021	4.07842415952	-0.395393345171
-2.9564896259	0.0572672929422	4.0975473316	-0.387475236225
-2.967275736	0.055338874327	4.08500765434	-0.379947579565
-2.98045336344	0.0553377057542	4.09319818846	-0.37117977558
-2.98118540834	0.0504924275164	4.12361579411	-0.342647348985
-2.99020977993	0.049042855005	4.1658051481	-0.217035848238
-2.99826964724	0.0558682603076	4.18149004444	-0.199100124721
-3.02048563389	0.0759892180919	4.2204500107	-0.179390125135
-3.03380726913	0.0858520335748	4.21764507438	-0.177487416206
-3.05340136038	0.103233023529	4.22219311994	-0.183827925915
-3.06585237615	0.123690220677	4.24759652802	-0.180686487736
-3.08467369737	0.147774344671	4.26387463115	-0.173454745221
-3.09433490668	0.1593741313	4.27990194136	-0.256363932653
-3.11642516595	0.187260799054	4.29687977432	-0.245708948127
-3.12628628905	0.19235969586	4.30001605174	-0.242019476664
-3.14989662579	0.196465127906	4.30800416645	-0.237328272082
-3.15992694952	0.202654352383	4.30487733948	-0.230275154703
-3.18002349335	0.214060936795	4.31553920105	-0.220457969076
-3.19998405179	0.224500404721	4.36078609733	-0.181350240761
-3.2057606244	0.239688840702	4.39583592681	-0.0577648179248
-3.20684694904	0.231830827215	4.42981266234	-0.0334898566579
-3.2252533288	0.244478188068	4.44500877182	-0.02332673367
-3.23436560052	0.277782353492	4.46043268164	-0.0223432294423
-3.24171996102	0.297398700111	4.48919133205	-0.018549065081
-3.24711400379	0.344106184948	4.49483911166	0.00957688000048
-3.26472270474	0.364423178634	4.48254025314	0.106044211876
-3.27371617158	0.39012852799	4.54157108896	0.0429967625579
-3.29355891139	0.418624794678	4.52789673879	0.1618897455
-3.30338844094	0.423492252321	4.53131144471	0.155605215038
-3.32246038972	0.432724676032	4.53625257394	0.162445855844
-3.33052262031	0.424000534835	4.53610257358	0.169596886228
-3.3320782778	0.415269715456	4.52250631243	0.155746868866
-3.34810381006	0.413094920146	4.54861217051	0.168112546323
-3.36576397058	0.416931227653	4.54438284491	0.169145990698
-3.37944077808	0.41637540321	4.53520106825	0.175745902291
-3.40381755014	0.410250095436	4.53598457615	0.167961390097
-3.4143667435	0.407449550108	4.52952161206	0.165886864939
-3.42819543172	0.402953087247	4.52790689969	0.169114526369
-3.45319921567	0.392770597621	4.53530325109	0.162589103229
-3.46410743907	0.388220405088	4.52935631909	0.159532026885
-3.47986341969	0.374521273461	4.53826420394	0.158506424275
-3.48762969743	0.379678082421	4.52129532237	0.159084163752
-3.49874160411	0.370490728097	4.53032659035	0.154103949912
-3.51100159753	0.371068350213	4.51794533588	0.15642536845
-3.53482118024	0.363518075442	4.54217944369	0.166335534556
-3.54260812413	0.355365779388	4.53595195297	0.15795442355
-3.54400287483	0.3477907239	4.53605134624	0.163035694431
-3.55895187505	0.352463348087	4.54190843033	0.161767394902
-3.57062037332	0.361856454433	4.55301094133	0.065318388807
-3.59008294013	0.35890615181	4.58186248003	0.0925770646989
-3.60860757478	0.376132653813	4.58977313509	0.102291500595
-3.61902160024	0.401152545937	4.62795347872	0.121926128043
-3.63319946278	0.44420004254	4.63756961232	0.133581907116
-3.64397836304	0.487989311951	4.64133774205	0.155819037694
-3.64979103019	0.516866125951	4.68636716594	0.065108093887
-3.66626287343	0.566348021865	4.70236201228	0.078676021393
-3.67372160191	0.582094520443	4.70077496006	0.0834084593438
-3.68704612373	0.62097458246	4.71136579869	0.0992940481357
-3.69390976546	0.659346692474	4.71346697049	0.122833198822
-3.70597056948	0.706379678088	4.74382896784	0.200453467102
-3.72321381455	0.72967853022	4.71965044695	0.333359061996
-3.73864834173	0.738933416767	4.75655925011	0.382410014214
-3.74248050172	0.785889500379	4.77049291063	0.404454486585
-3.74881578934	0.821154757608	4.75091672214	0.382330649385
-3.76290195426	0.85281298791	4.7660831531	0.407837075876
-3.76904925035	0.871486166995	4.81453979657	0.352017782343
-3.78505887488	0.908926547724	4.81115012383	0.349490021586
-3.7925781142	0.922081872286	4.81970001321	0.355081134442
-3.80319522229	0.976734271341	4.82003046754	0.360596498802
-3.81173038101	1.02332926438	4.82614604926	0.364571516625
-3.81306678913	1.03151835637	4.82300359793	0.363486622393
-3.80884822255	1.06048108196	4.80964309528	0.376976736871
-3.80790629762	1.06425461947	4.80677220177	0.385889125628
-3.81961611695	1.074991114	4.81134639174	0.409341559509
-3.82207021052	1.12680616665	4.76950390664	0.527953705076
-3.82509848788	1.14894138904	4.76668578428	0.553992387434
-3.83406754906	1.20592246047	4.77638675678	0.584885811358
-3.84322726461	1.21925601139	4.79245597603	0.607907661677
-3.83272889249	1.24778521762	4.74957413531	0.604142598233
-3.84828654151	1.25861674222	4.82002589979	0.527567259452
-3.8481200817	1.2859940108	4.83732718811	0.54732695057
-3.85132930309	1.34139268853	4.8187593168	0.544164768002
-3.85708615693	1.3617950423	4.82154967896	0.552616874248
-3.85914040375	1.39179682149	4.80700217793	0.55076730252
-3.85972262852	1.44097951653	4.80224146508	0.57065357944
-3.85726615928	1.47991995014	4.73960889766	0.70497695124
-3.85436420598	1.54434665684	4.72417070339	0.72878517828
-3.85601943121	1.56412337041	4.72382329253	0.756263896769
-3.85141105959	1.62089144455	4.7081313578	0.740675257436
-3.85159248123	1.66549353475	4.70364366444	0.733965662994
-3.85566142868	1.6795234149	4.71278346695	0.747458719485
-3.84424862647	1.75596573642	4.70601270032	0.759998106863
-3.84446772646	1.79029568258	4.69371699024	0.778695207826
-3.83956923073	1.82651825072	4.784733054	0.729125298634
-3.83228398349	1.85374766735	4.78034842967	0.746257026298
-3.84100134947	1.85438229754	4.783033206	0.733206056275
-3.81252775345	1.94677811297	4.77119486051	0.747177919533
-3.79874597486	1.99898850318	4.77477241565	0.765565616358
-3.78475565231	2.04473280748	4.76869325268	0.780636852131
-3.77343844812	2.09656233503	4.67635742378	0.899756185051
-3.77772967997	2.10529843665	4.67285741423	0.920659289671
-3.77809950298	2.12464962206	4.66175741179	0.900787795677
-3.75816458503	2.1850561055	4.66788076579	0.902092054776
-3.73210698736	2.25310949764	4.68133804044	0.929096515008
-3.71880761588	2.29492196253	4.67467141472	0.928435427708
-3.71787382252	2.31333565479	4.66400407135	0.908463648876
-3.71511050228	2.3335801371	4.6836739249	0.930718714157
-3.69701510292	2.38435782192	4.68318197126	0.925905367384
-3.68293949846	2.42820437452	4.68619405089	0.931780190317
-3.66633166015	2.47428012635	4.68412134893	0.931760395946
-3.66039951266	2.49301203546	4.68660054055	0.94818043308
-3.65094787925	2.52013852559	4.68836645611	0.926516437738
-3.6290642319	2.5729566946	4.67941701176	0.908691024695
-3.60675791482	2.61886075531	4.69137983421	0.932515351333
-3.5955642515	2.64319059079	4.69013336038	0.918823360056
-3.57785999979	2.68514042053	4.68882357193	0.923367689619
-3.56216418858	2.71747314663	4.68317102494	0.903414972075
-3.53304985498	2.7735415889	4.68981659447	0.932825135154
-3.51013458206	2.81177800755	4.76511491911	0.87698476087
-3.4920113024	2.84921216724	4.77181002245	0.902559556954
-3.47413849008	2.88013623986	4.77887405703	0.911760310062
-3.4447314475	2.92334142526	4.77652398995	0.928740024036
-3.4171963033	2.96899450526	4.77483269359	0.944138017949
-3.38918904369	3.01426336122	4.77045579179	0.985187820826
-3.3716146318	3.04255529808	4.76695488033	1.03606828339
-3.33545980551	3.09372283476	4.67132867934	1.06411534028
-3.30335985047	3.13507151488	4.671722176	1.08833848558
-3.26297437297	3.18778510208	4.66870835749	1.11935829459
-3.22012697948	3.23712380659	4.67315146168	1.12427047578
-3.19353014783	3.27645879217	4.67137651034	1.13867925546
-3.15500033978	3.3355956847	4.6754893419	1.15884954574
-3.13900014807	3.35924316124	4.67713724602	1.18769930477
-3.12099637068	3.38428664839	4.67729123722	1.20380742897
-3.08350319227	3.43238962464	4.67401607724	1.2231695811
-3.0579705578	3.46293819573	4.68783425713	1.2524193621
-3.02682328664	3.49814344661	4.68524829634	1.24688045343
-2.97970667871	3.55000107563	4.59623700819	1.27376206183
-2.93042419543	3.60193624636	4.68255903475	1.26702175748
-2.90714061494	3.63037624817	4.59282189805	1.30417609279
-2.85059847811	3.68697670058	4.60087654538	1.29644284254
-2.81130471349	3.725980265	4.69114174158	1.32759041196
-2.7892897096	3.75683236405	4.68872710719	1.33244526409
-2.75707993596	3.78871798935	4.60924582308	1.32162386188
-2.70870178139	3.83469749732	4.70663091798	1.36493133933
-2.68964109407	3.85257570183	4.70695456633	1.3645259726
-2.67632923634	3.87555399416	4.69600723551	1.40600259365
-2.66004165322	3.89235497411	4.61943460347	1.46980442238
-2.60176953257	3.94409982971	4.60480085321	1.50605543696
-2.57071312647	3.97655606275	4.61105986277	1.49634020379
-2.51776159623	4.01539924707	4.61056751783	1.50626587904
-2.49186729229	4.03429405071	4.6126863949	1.52366209849
-2.4563056008	4.0640225414	4.71562519352	1.51892962838
-2.44325523796	4.07540352321	4.72058664626	1.54290307361
-2.3776642414	4.12440528156	4.6144620925	1.51830400795
-2.341741448	4.15116570345	4.72017192749	1.56268143932
-2.28970426712	4.1873407162	4.71609970493	1.56315045209
-2.27645517545	4.20188780839	4.72429113878	1.55781539146
-2.14261392969	4.28510098506	4.63972169919	1.57550345129
-2.12013200973	4.30061508683	4.73903000408	1.60074290237
-2.08958431548	4.3228866984	4.74590581543	1.62873358135
-2.03823612151	4.35512646208	4.66682875263	1.66355549119
-1.98859646435	4.38074852858	4.67157524112	1.67932169641
-1.93873242101	4.404419369	4.65498273484	1.69720752995
-1.93951454171	4.40988072539	4.65535770568	1.71957919276
-1.93212803749	4.41593071436	4.65388273012	1.74743401905
-1.89516349955	4.43624751415	4.74551421458	1.7397161914
-1.85489661528	4.46399150773	4.75236769769	1.78038878285
-1.81514712235	4.48425158846	4.7534069787	1.78432361762
-1.76267458817	4.50865772502	4.75663225915	1.77749883447
-1.72555818197	4.53099122869	4.74957226164	1.7900943961
-1.71191360329	4.53947817758	4.76284034843	1.78586271979
-1.64608289446	4.56995725408	4.7548892716	1.79399093849
-1.6307517547	4.57849839852	4.759681799	1.80941723933
-1.5965250488	4.59653498109	4.7566634486	1.83747378272
-1.56473287085	4.61099233622	4.75808062097	1.86343593598
-1.51985414562	4.6315265784	4.67391535026	1.87766232082
-1.50620202196	4.63770981959	4.66195868948	1.88937641607
-1.48803884693	4.646079145	4.65613831289	1.91425289329
-1.49007667706	4.64854938753	4.65968718577	1.91570457606
-1.49250417461	4.64922416042	4.65991164158	1.90110957618
-1.50389181656	4.64899884928	4.66625913326	1.8886201359
-1.50772639626	4.64968132461	4.66358555154	1.89789887842
-1.49986506732	4.65194832256	4.76730094695	1.94265787556
-1.50522789925	4.65330541314	4.8672616349	1.97419997258
-1.48438925684	4.66529046958	4.87352887629	1.98097216826
-1.50184060149	4.662135611	4.87042932568	1.98069589452
-1.51485440788	4.66168259955	4.87148324478	1.9830227175
-1.5295104555	4.65961005319	4.8734394085	1.97873068472
-1.54987779862	4.65751116809	4.87946379185	2.00387890351
-1.55931270171	4.65656681432	4.87574944025	2.0142816608
-1.57920402135	4.65465528093	4.87874869384	2.02497191385
-1.59419011968	4.65248088162	4.88062121185	2.01802264554
-1.60297344712	4.65272528727	4.87528396145	2.02992581244
-1.62717671853	4.64877775752	4.88051114616	2.05777432286
-1.63686227608	4.64752999177	4.87740136382	2.11423748689
-1.66139207667	4.64348817444	4.88770230746	2.09494596933
-1.6720537855	4.64195442482	4.89039211374	2.10605680809
-1.6906460461	4.64040768013	4.89704159995	2.11908012961
-1.69738446928	4.64066788609	4.89939550714	2.11469979342
-1.69908956909	4.64014663315	4.8987468241	2.14658970875
-1.71175065369	4.63805473258	4.90807287628	2.1461073301
-1.70894153172	4.64068667256	4.90812939766	2.13517547868
-1.7162345578	4.64121190781	4.90881179447	2.14455014494
-1.7240385302	4.64094685625	4.90508522293	2.13405153274
-1.72825852555	4.63961932923	4.81708106433	2.19864377873
-1.74667988141	4.63882181663	4.73264311039	2.21468017791
-1.71219753457	4.65188188579	4.72693617982	2.20641058911
-1.71228282666	4.65188190812	4.72400589067	2.25756425676
-1.71794964799	4.65267341445	4.72072081137	2.27799284033
-1.71055409018	4.65504407524	4.72327725806	2.2624384304
-1.72002987921	4.65399077919	4.72668514913	2.26382132303
-1.70525258901	4.66058121061	4.73491045718	2.2484172958
-1.66399924941	4.67606272458	4.72576460454	2.24875374173
-1.66952547798	4.67683018938	4.72708828924	2.27804435755
-1.65953177235	4.68398340864	4.72896917595	2.28006864654
-1.64470988085	4.69157480142	4.73682217676	2.25123593992
-1.64318757468	4.69484563587	4.73846304339	2.25672994975
-1.64823501528	4.69787076675	4.74091184304	2.27193944621
-1.65031847467	4.69913383419	4.74422759934	2.30538982166
-1.64972830806	4.70317574265	4.7460759076	2.342047391
-1.65235897804	4.70646149151	4.743055003	2.37455368737
-1.65823295234	4.70671520019	4.74483092885	2.39557325003
-1.66519795224	4.70926344713	4.75185932696	2.40618287323
-1.66373295465	4.71232639035	4.75332978903	2.42243969142
-1.65692599109	4.71716089431	4.74917616444	2.43197714342
-1.66597328842	4.71867417593	4.74472553305	2.44576230171
-1.6711627943	4.71893014148	4.74918575655	2.4245597215
-1.6995293337	4.71452266789	4.74753138687	2.43504940968
-1.69786614805	4.71713539413	4.84694003776	2.45469513827
-1.67946812779	4.72776602307	4.7484963415	2.44639795829
-1.68937235589	4.72906318285	4.75299880722	2.45294761131
-1.67252667423	4.73937614606	4.75102999091	2.46206822905
-1.68990597431	4.73705290034	4.75403927173	2.46811867179
-1.70416262324	4.73548769902	4.75666034811	2.47451545842
-1.70581552891	4.73496410405	4.76266386248	2.44868753367
-1.70812536281	4.7376017786	4.85740809385	2.50390705401
-1.71165027393	4.74049364366	4.94851975744	2.51292619813
-1.71530751628	4.74260705306	4.95315393836	2.51729241526
-1.71774985883	4.7449865749	4.95015130625	2.5099676783
-1.7392069289	4.73833888277	4.94857831981	2.50389596934
-1.73738289147	4.74021457887	4.94608033745	2.52487863617
-1.73905353682	4.74209231745	4.94576927433	2.54589777077
-1.76188687666	4.73911713604	4.94312359946	2.56892171901
-1.79461450341	4.73307086847	4.85430079544	2.61810476576
-1.81019261396	4.73055527493	4.85453106724	2.6583249034
-1.8492408432	4.72516007703	4.94840421231	2.66826915821
-1.85143729794	4.72890260176	4.95438946516	2.69425777095
-1.84854494589	4.73578564673	4.86123955709	2.69466734695
-1.86774535441	4.73173692284	4.94699009008	2.69370653939
-1.89078142311	4.72998404009	4.95710334833	2.71002747191
-1.88944311825	4.73351650304	4.95958329747	2.72318040438
-1.92812096211	4.72519388384	4.96735864747	2.73712739742
-1.93676365552	4.72549497747	4.87679051593	2.74619915623
-1.93629454903	4.72549497747	4.88366897653	2.75803548427
-1.93480725533	4.72973961265	4.88480709557	2.76066228628
-1.93137691479	4.7309460039	4.97116291564	2.74625802809
-1.94915151567	4.72942651224	4.88737110835	2.78401481469
-1.92756075796	4.7369876703	4.7998008899	2.8253111617
-1.9184343636	4.74662984445	4.80262779086	2.8423234682
-1.91822061157	4.7487264818	4.79707789304	2.82991247151
-1.90250986915	4.76006653533	4.7968868119	2.84977748743
-1.89678029295	4.76451192843	4.80833917076	2.85460231209
-1.88821909248	4.77071028661	4.79777783812	2.87179882538
-1.89942296247	4.76687814038	4.79833421756	2.8494128023
-1.90274849139	4.76746670261	4.79768947376	2.86884833355
-1.89583961255	4.77368909631	4.80313623698	2.86474073625
-1.88940612995	4.77899717653	4.8030421135	2.87660386547
-1.8927777678	4.78106120554	4.80762404269	2.89350837406
-1.90328489261	4.77928440413	4.90462532497	2.89629745766
-1.90583210002	4.78462572377	4.90515136772	2.91136195231
-1.92889892647	4.78103318959	4.99016600393	2.90565516506
-1.92710952154	4.7882690368	4.99096568174	2.91479714975
-1.93693414114	4.78706108535	4.99777057438	2.92630089876
-1.9567402914	4.78371073353	4.99393462255	2.93596094639
-1.99806238338	4.77658688373	4.99906148279	2.94460864242
-2.02446843068	4.77058524817	4.90682514141	3.00182216172
-2.03713946107	4.76866925128	4.8158246592	3.03597552336
-2.05558453699	4.76834189242	4.80939081253	3.04474657756
-2.08266499353	4.76116860963	4.81296889135	3.03536506814
-2.10874809337	4.75226152055	4.81671213532	3.02233750107
-2.11019392768	4.75525708025	4.81186497097	3.04777014896
-2.12576385396	4.75224655985	4.80731211692	3.04008145697
-2.15888721194	4.7454951684	4.81696539782	3.05617945362
-2.16396277527	4.74788914781	4.82093906749	3.04350094289
-2.16809204438	4.74960407709	4.82083768673	3.04120284472
-2.17639433214	4.75064054294	4.83126130784	3.05866020845
-2.18498127909	4.74719205584	4.83693245318	3.06732479934
-2.19263216504	4.74927902079	4.9385147501	3.14546944309
-2.18516819123	4.75621280967	4.94399426896	3.17072358346
-2.1987635957	4.76003227884	4.9503537358	3.18617927952
-2.21935788352	4.75862959285	4.9559347198	3.17930667279
-2.22595122836	4.7603950179	4.95323297107	3.19320544336
-2.24250040626	4.76181689503	4.95332791033	3.19871318941
-2.26161784474	4.75788623442	4.95414717463	3.18533306431
-2.26669873208	4.76004784988	4.95805019798	3.19912590291
-2.27386769542	4.76654075598	4.94937072141	3.23521959908
-2.28856006753	4.76472432132	4.94999306344	3.23980364302
-2.30834581596	4.76179455819	4.9566375958	3.25854184168
-2.32057182727	4.75663944593	4.96293192951	3.25479080561
-2.32854932073	4.75738441815	4.9580763778	3.27018820156
-2.32525313484	4.76071488839	4.95623853457	3.26753607435
-2.33706735197	4.76145891911	4.96080225453	3.27577659042
-2.35250402788	4.75436330807	4.96570904001	3.29747718718
-2.35022758498	4.7554872282	4.97351405452	3.32698375033
-2.35370776911	4.75661294094	4.97041087761	3.35107477577
-2.35729923281	4.75962275617	4.96025902958	3.34209816565
-2.3642120286	4.76188075709	4.96263951883	3.39112783644
-2.38054551813	4.75469267995	4.96898600962	3.39626078502
-2.37616226794	4.75696887154	4.96670994045	3.39650556326
-2.38446143378	4.75317223517	4.97136340378	3.41061904764
-2.38244136158	4.76079645019	5.05250908588	3.39807468097
-2.39370972135	4.75660851228	4.97362971476	3.45459237274
-2.40023968286	4.7581422381	4.97001067189	3.44728964611
-2.42872797789	4.75311388843	4.96845085998	3.44424770289
-2.45345194265	4.74802639946	4.97963146318	3.48785655124
-2.42997317148	4.76523407751	4.97902204254	3.48453501787
-2.45250531795	4.75936643915	4.9815986031	3.48102143546
-2.47233572706	4.75937190986	4.98322709791	3.47143050852
-2.49049610706	4.75698240312	4.98519257185	3.49295762441
-2.52266813393	4.75135162239	4.99325927503	3.52690321804
-2.54141713	4.74890691119	4.99345383366	3.54219664935
-2.56250636262	4.74357827125	4.98937563504	3.55135882476
-2.56340384816	4.74934463873	4.98962916191	3.57031338718
-2.57630155848	4.74893396698	4.99072722669	3.57139583208
-2.60234045379	4.74641902481	4.9897654929	3.5841139053
-2.63953455928	4.73797590406	4.99098908433	3.59276999181
-2.66180393969	4.73327308554	4.99120182987	3.60301384091
-2.68858200657	4.72981896871	4.99412425814	3.63199458691
-2.70978318105	4.7258944646	4.99557233058	3.64370097452
-2.72598933495	4.72457691172	4.99639806895	3.63902438446
-2.74805118956	4.7254506011	5.00273483646	3.68173750782
-2.763560492	4.7245595841	4.99087882188	3.63979653901
-2.78519631347	4.72411300375	4.99269978735	3.64910333582
-2.80262359908	4.72593310938	5.00291394989	3.66166256817
-2.80881879461	4.72820717001	5.00771909351	3.67017507656
-2.83618668642	4.72454341761	5.00754253523	3.68355543655
-2.8538508431	4.71854654361	5.00527583266	3.70513575492
-2.87094519333	4.70926934873	5.01481790271	3.74033484746
-2.88694479162	4.71067815017	5.09905323161	3.74003824756
-2.89308023802	4.71255593246	5.09780215204	3.73609956188
-2.91119254261	4.71303262608	5.01117784502	3.79849566306
-2.94323528423	4.70161415115	5.096070147	3.75330636472
-2.97348863238	4.69439717242	5.10115195735	3.76968980825
-2.98389426698	4.69439614526	5.01110372579	3.84970704469
-3.00803793333	4.68659186471	5.01506637436	3.8565440749
-3.04392479012	4.67182116244	5.01567559817	3.89525021367
-3.03903202285	4.67826253524	5.01740539206	3.90332974163
-3.04388739273	4.67875704378	5.01429537505	3.90925408953
-3.03808143418	4.69065609946	5.01621315586	3.91155339959
-3.05284531585	4.69265037109	5.01658567322	3.90325601238
-3.05216985729	4.69912248465	5.02496803748	3.9161451686
-3.06845352485	4.70360941109	5.02651294364	3.93379512604
-3.08698305286	4.70260721635	5.03029920347	3.97528339706
-3.07653493199	4.71718906101	5.02726642916	4.0312067261
-3.11573667256	4.71160797877	5.03926391322	4.02472609172
-3.13252046884	4.71415532474	5.03840504424	4.03133819847
-3.14526608862	4.71261645108	4.9534864058	4.08917571673
-3.18405510433	4.70175032055	5.04313869904	4.04743323507
-3.20404562787	4.69548359028	5.04684714894	4.05483559482
-3.23616063254	4.69023104387	5.04411508822	4.05122160839
-3.25165761004	4.68916602187	5.04868329901	4.0921063379
-3.26167124483	4.68969958307	5.05044255997	4.10681045286
-3.28555262365	4.68379637141	5.05812477975	4.13506900992
-3.2875490806	4.6902495475	5.0589366501	4.12692043403
-3.28051902184	4.69508635927	5.0587872694	4.14816851225
-3.30102254946	4.69562734689	5.05031946214	4.16131769929
-3.30198875215	4.69887466717	5.05633172324	4.24977926002
-3.30067944574	4.7004962054	4.97918755974	4.26430352549
-3.31270704266	4.70267546243	4.98281682142	4.32244229718
-3.31306927638	4.71191672895	4.97259600309	4.2863190131
-3.30939347363	4.71951627457	4.98075780802	4.32123556682
-3.33268642392	4.71188881721	4.97717802093	4.32057012883
-3.35022244298	4.707518134	5.06800548658	4.29005383274
-3.35889088258	4.70696573824	5.07060493604	4.32559688873
-3.35680970322	4.70861666732	5.06720052641	4.33026737007
-3.37215801663	4.7108298315	5.06101331659	4.36288859656
-3.38063261097	4.71138415571	5.06942578668	4.34763896996
-3.3919150065	4.71027563919	5.0783995196	4.35604533259
-3.39695207534	4.71585326067	5.15680305615	4.3580316993
-3.43062145781	4.70690733197	5.16076476785	4.36402681986
-3.44857694832	4.70464403476	5.17058830927	4.39071874622
-3.48459816199	4.69838627216	5.17529214686	4.40866071083
-3.50059527115	4.69551479055	5.16419586146	4.39363173006
-3.52964755245	4.68915128931	5.16829927349	4.41022223949
-3.54477598522	4.68682239122	5.16985564673	4.41640017038
-3.56442271469	4.68096930644	5.07101934124	4.47485520676
-3.60870887349	4.66443181235	5.07666211801	4.49493788892
-3.61988590715	4.66383587336	5.07162144994	4.50720973337
-3.64262692941	4.66203297277	5.07091375578	4.51815667024
-3.64632666338	4.66985184353	5.07855205844	4.52843478013
-3.64293247532	4.67285391848	5.08385176549	4.53566426907
-3.66157747156	4.65901590272	5.08768107763	4.52777089128
-3.66278905153	4.67472564034	5.07906814599	4.58528666463
-3.67580166089	4.67412046339	5.16169053742	4.54893474367
-3.6628957728	4.6880250585	5.17033905288	4.57627974836
-3.65934684508	4.7001011488	5.16305789258	4.57106259157
-3.71577610828	4.66663834251	5.1704741209	4.58521153965
-3.73012544814	4.66971309752	5.16965198968	4.59331754045
-3.74495419332	4.66539171051	5.16216564561	4.59098936806
-3.77302889966	4.65359128649	5.07121959174	4.71029233572
-3.78396218354	4.64548284339	5.06871031222	4.69444795621
-3.79692029901	4.64985708292	5.06184025274	4.71747889707
-3.80492999271	4.65299928423	5.05696376949	4.73775932756
-3.80724249571	4.66117840075	5.06804165433	4.75703200294
-3.79125767768	4.69191366898	5.06760159365	4.76522809999
-3.79317038256	4.69818336027	5.07281017399	4.75862610582
-3.800987173	4.70760166696	5.07379363828	4.78075376755
-3.80197632687	4.72205970416	5.07738489507	4.79054382507
-3.80491747424	4.72772027157	5.06772695731	4.81195154464
-3.82120255889	4.73655001345	4.97206270696	4.8693244182
-3.81323295288	4.7529612222	4.97355411135	4.91789022489
-3.80653424516	4.76744718096	4.99521279749	4.91549723057
-3.79304598193	4.79131559976	5.07511123661	4.87971086764
-3.79777642443	4.79445271384	5.07449755203	4.87475400225
-3.81556308174	4.79129816049	5.07076469923	4.90646832704
-3.80794253111	4.80390404396	4.98213923226	4.9423683258
-3.82093503805	4.80327493773	5.06287336981	4.94661197051
-3.80235815767	4.82532473181	5.04758264631	4.97801020462
-3.81590880174	4.82469616821	5.04801683021	4.97479811494
-3.81219848036	4.82721488478	5.0574865063	5.00142177543
-3.81401121455	4.82595539625	5.05923152809	5.0144090473
-3.81906296344	4.82217340311	5.0650680368	5.00416675842
-3.81401121455	4.82595539625	5.0648018226	5.02010933544
-3.81569557087	4.82469531969	5.06332963023	5.03858077156
-3.81401121455	4.82595539625	5.06298678959	5.04158291479
-3.81485344769	4.82532543146	5.14739404126	5.06249910106
-3.81485344769	4.82532543146	5.14342893822	5.0696948366
-3.82457674576	4.82532543146	5.14976006429	5.11997062488
-3.82797562944	4.82975533461	5.14232521822	5.08486405037
-3.8499809843	4.82976500325	5.14192259088	5.09193269049
-3.86509739695	4.83103638492	5.13988564183	5.08741411815
-3.89189091196	4.82140704701	5.13148384899	5.11623860374
-3.91137558034	4.81430019354	5.12120745094	5.05877038037
-3.94383968818	4.8045424033	5.02130978253	5.11113373748
-3.97567480262	4.79798165595	5.00925525925	5.11272451606
-3.9833544717	4.79996065561	5.00319989064	5.11291773895
-3.95619734968	4.83215658147	4.99380824143	5.13351197338
-3.94727412315	4.84851473295	4.97646653602	5.11481511348
-3.96471676721	4.84458736923	5.06795201027	5.09914124091
-3.94334426212	4.87144397461	5.06340148199	5.12298004762
-3.93671908292	4.88120000782	5.05268560697	5.09586433181
-3.97628416064	4.86609371101	5.04668292927	5.09187833173
-3.97236625428	4.87860237	5.02463577056	5.07124684514
-3.99985275258	4.87199751983	5.00878178572	5.08463805848
-4.00183947889	4.88128245537	4.94875269073	5.0931017233
-4.02383134912	4.87529352825	4.84320921603	5.11272666854
-4.06037819258	4.86525180916	4.70478465141	5.14641903564
-4.0694365551	4.86862253626	4.67940584737	5.125811919
-4.05052358001	4.89964134532	4.68281521118	5.13450448137
-4.00324294841	4.95240173731	4.74355419561	5.15382661098
-3.98510442822	4.97425596036	4.74575154093	5.1512029367
-3.94289629494	5.02155788323	4.7345405472	5.16199208661
-3.94859416874	5.03005341089	4.72897340369	5.15442529295
-3.94856353814	5.04051963895	4.71917496556	5.14192347101
-3.93598006303	5.06010998757	4.69846971769	5.13301962265
-3.92847208922	5.08095980208	4.64149789076	5.13199108326
-3.91741313946	5.10435309172	4.553000031	5.15838749284
-3.91484699172	5.11926776233	4.41397107947	5.14090743596
-3.91477859002	5.12704374184	4.40218808969	5.12790234397
-3.88304228072	5.16774674596	4.40567763693	5.1387830623
-3.85481677136	5.19528436461	4.41298370182	5.13814142137
-3.80434920812	5.23326001267	4.38170228609	5.14029226322
-3.82192837868	5.22506691895	4.45574467615	5.17793425095
-3.79489419374	5.25593861453	4.45731836452	5.18913922556
-3.77151367457	5.27969361279	4.44753259778	5.19193456406
-3.71653772388	5.32484045813	4.42642286459	5.19956444905
-3.70520491808	5.33945455645	4.41980020777	5.16804088035
-3.66687433041	5.36802713671	4.3761312611	5.16502762117
-3.65967535013	5.37586437192	4.30762192242	5.15918973821
-3.6783931566	5.37041500644	4.26492267238	5.16319121391
-3.64305856107	5.39755529271	4.14911094392	5.12469329213
-3.61747341587	5.42570629231	4.14523787318	5.12498594476
-3.53563045584	5.47988431042	4.14430647248	5.12564959086
-3.52878612388	5.48453020107	4.12714025616	5.13996672998
-3.53087367338	5.49092183639	4.11632164647	5.14976292473
-3.50839291399	5.50710870068	4.11233276677	5.15718345659
-3.50302308636	5.51634001534	4.1833202267	5.20265058146
-3.43348241002	5.56417958203	4.17373496754	5.20327468501
-3.40817502225	5.58385072521	4.17745514809	5.19848164218
-3.33964773116	5.63316635663	4.17205569749	5.20359149479
-3.30130133389	5.65930416133	4.16650042792	5.19404852188
-3.23527034026	5.70587516282	4.15330426027	5.1931763646
-3.20814460191	5.72485735649	4.15275352111	5.1869635327
-3.13247207155	5.76994947945	4.11625045816	5.18055811862
-3.09755486697	5.78772562796	4.04098257753	5.16149367584
-3.10866116488	5.78216165829	3.94974251224	5.10112744209
-3.10675492714	5.78570205716	3.91945019276	5.09924303293
-3.08835104686	5.80037295299	3.94028230822	5.08503506717
-3.00240292971	5.84754059891	3.90872080523	5.10896118248
-2.98163416847	5.85775514259	3.91306759859	5.09650071863
-3.00105656919	5.85093974211	3.89022406964	5.09988519459
-2.99361877147	5.85826039657	3.96168078191	5.15476902431
-2.93595583429	5.8919744206	3.93529144325	5.17679443819
-2.88683410857	5.9193990095	3.93186312335	5.17432175796
-2.83857460444	5.94540307088	3.93272401538	5.16875020478
-2.76213224749	5.98351475997	3.9248328742	5.16180252663
-2.7372167818	5.99417424051	3.91313314892	5.15405308234
-2.74644524478	5.99550147267	3.8935748118	5.15716005534
-2.68334207531	6.02533064373	3.86481036434	5.15009291563
-2.61749599989	6.05222062801	3.72549558445	5.05952161014
-2.61246939928	6.0543237869	3.70689957049	5.03916619403
-2.60484995975	6.06105298616	3.69457641121	5.04924258433
-2.57223476811	6.07394979971	3.65316839696	5.05060082963
-2.5828655813	6.07477313048	3.64647117876	5.06341249701
-2.50596125297	6.10954498607	3.63900949956	5.07155034747
-2.45552431518	6.13143063044	3.64835595029	5.06787689327
-2.407484174	6.15478098016	3.64550610371	5.059446524
-2.37689350139	6.16930924432	3.62220371207	5.0704367618
-2.30820354121	6.19280869669	3.65749446368	5.14037015695
-2.31360698477	6.19097094754	3.64354497967	5.14429307151
-2.29544858373	6.20200609103	3.65222422136	5.16091406145
-2.23033429705	6.22828110817	3.65415092512	5.15742078207
-2.17755193155	6.24785863613	3.65197875513	5.15214499693
-2.12532403288	6.26929301257	3.6468944986	5.14381924884
-2.05719969507	6.2950475639	3.64273214708	5.14926089704
-1.99384805332	6.31542276056	3.63939258522	5.15098269516
-1.92606855589	6.33689907183	3.62828172557	5.15630841748
-1.83667270784	6.36475332316	3.61229454521	5.14812611682
-1.75686446469	6.38870734974	3.56408848166	5.1391217366
-1.71362565896	6.40102553718	3.47420722169	5.05185682402
-1.64803148569	6.41878963377	3.43913675308	5.03713071471
-1.62855228808	6.42480894287	3.43215931508	5.0350129374
-1.5242752945	6.45051177728	3.42718449287	5.042075187
-1.47305623909	6.46228627541	3.43595222787	5.03593679168
-1.40300910153	6.47776466349	3.41524194075	5.04039955754
-1.38198296514	6.48296191731	3.45274718273	5.03248474208
-1.31110130491	6.49652946401	3.41517149358	5.02738975742
-1.28744996843	6.50247444087	3.41739719241	5.12190834522
-1.19512718135	6.51954894757	3.42170950587	5.12096554282
-1.08788784649	6.53727836653	3.4098282248	5.12343117137
-1.02350386487	6.54741083153	3.40867648895	5.11681759435
-0.966317344809	6.55557963666	3.40007927885	5.12774554081
-0.8815520087	6.56604031319	3.41048003854	5.12469298128
-0.780636063803	6.57724566538	3.40482899522	5.11659207175
-0.726945603408	6.58274195356	3.40534221794	5.11635947511
-0.616677405016	6.59145760897	3.39946030075	5.10930809937
-0.579092924539	6.59398059141	3.39465422359	5.10346616798
-0.591884955657	6.59377892279	3.41577518749	5.10628745358
-0.524477729961	6.59788491948	3.38292829127	5.10891059089
-0.47370960709	6.60069169796	3.38945849483	5.11597856875
-0.365879265222	6.60481736838	3.38887873252	5.11292029164
-0.299123946597	6.60637653778	3.39012803017	5.1137352631
-0.235942263945	6.60712590124	3.38704801589	5.11140351635
-0.153486667118	6.60704217333	3.38396792528	5.11536983202
-0.041536578578	6.60503149855	3.37814365825	5.11281622915
0.025883521072	6.60262453058	3.38235394713	5.11657358104
0.0823889074798	6.59999368836	3.36155121811	5.12042946095
0.158563600999	6.59572215767	3.3376811933	5.12112753048
0.245234585405	6.58946002958	3.31051852735	5.11932481305
0.333413056426	6.58167594782	3.26889040835	5.11289147486
0.366134986029	6.57801693542	3.28004414104	5.12293314651
0.426981378824	6.57103373924	3.25199271578	5.13110957018
0.479196973523	6.5647478463	3.26385571861	5.13088004088
0.514008039034	6.55987360946	3.28387539742	5.1237244873
0.5712204948	6.55117328679	3.26486470498	5.12866383802
0.614735027432	6.5452010713	3.28044234223	5.12406902081
0.642016292873	6.54171049835	3.25695624541	5.12396129489
0.623068068767	6.54345825702	3.24378945661	5.12842916503
0.642873225666	6.53865532145	3.22686846978	5.13174022372
0.690379409713	6.5309246578	3.22580130317	5.13517204441
0.750064076298	6.52128099895	3.20290281591	5.12920195019
0.791357038442	6.51308559976	3.15477033626	5.11965526509
0.806336321684	6.50924270434	3.12915639983	5.11932253188
0.842737044323	6.50277063086	3.09690258482	5.11322976867
0.853326758316	6.49965912644	3.09691072157	5.03123780196
0.957844844471	6.47859621204	3.08256771403	5.03401324644
1.02338501982	6.46361351347	3.06890577196	5.11995301704
1.07442303601	6.45096682741	3.09229465809	5.04426628338
1.15366206752	6.43121836662	3.08786360156	4.9358469565
1.17130499313	6.42527428624	3.02469932006	4.92529690803
1.34014865422	6.38077717133	2.93687809624	4.90118531877
1.38977955426	6.3646567807	2.94458546884	4.90658195723
1.45964729265	6.34309721344	2.91904182682	4.90077482274
1.52181861535	6.32389434261	2.90423648374	4.90072858211
1.62896876093	6.2888415631	2.89550933463	4.89125805799
1.68588162732	6.26904781384	2.90091645133	4.896814982
1.74647332997	6.24728938674	2.89688818731	4.89275708114
1.79754179343	6.22593690202	2.89140202652	4.89148970168
1.82847548919	6.21328292765	2.86913405347	4.99921945953
1.95900667301	6.15804519644	2.87235395074	4.91304882339
2.08677031382	6.10333361912	2.84304717813	4.9012068155
2.12774758775	6.08318432799	2.84083049093	4.89639067778
2.13745327398	6.0750375655	2.76575209262	4.89868859551
2.18518920919	6.05310669856	2.70438379996	4.88733528895
2.18541815838	6.05019076791	2.70638954543	4.90096285806
2.26080290493	6.01336375148	2.69727621609	4.90040469028
2.30279771506	5.99299403157	2.68757622952	4.90184836659
2.36153258969	5.96115352737	2.65626793088	4.88485930844
2.42716634863	5.92809328049	2.61751014044	4.87990524867
2.42509689339	5.9290117187	2.64746424674	4.8815192188
2.41695987721	5.93038538654	2.66680619351	4.88762962924
2.45053609045	5.91197908063	2.66151359534	4.89088408913
2.51272163988	5.87781759302	2.63290266095	4.89399594371
2.55577753483	5.85773759858	2.66637140422	4.89863339686
2.54442846735	5.85581253627	2.6266530895	4.8989648599
2.57482176453	5.83941857309	2.61438731487	4.89627650662
2.59590710958	5.82919099571	2.61321142406	4.89217357972
2.63101673529	5.80660984504	2.53348863682	4.87607265881
2.6382249011	5.80065996472	2.5069439983	4.86252513054
2.64984798446	5.78775580158	2.53241613496	4.87189217724
2.67608279193	5.7707608173	2.52462371139	4.87695669269
2.76639609605	5.71416096797	2.48405228454	4.86527989555
2.7990041931	5.69177667151	2.50026495503	4.86701096338
2.84845028246	5.65429262555	2.46420896008	4.85334181976
2.87188802208	5.63559046066	2.46156626752	4.8550725176
2.91967003255	5.59992383989	2.45377454206	4.85806965084
3.00108347244	5.54029999795	2.4601443717	4.86152912665
3.0453302224	5.502041431	2.46392530963	4.86615908668
3.07295160866	5.47814381305	2.46585502845	4.88383480236
3.12109411974	5.4372797281	2.47157436464	4.88607850372
3.14830409772	5.41458012192	2.45141303648	4.89611298219
3.18426511451	5.37991260118	2.39206181272	4.90180083109
3.22610217444	5.34128199555	2.31145389482	4.90890311047
3.24365473129	5.32028452427	2.26930613931	4.9197412101
3.24625892444	5.31066083405	2.26902679042	4.93998908497
3.25535272515	5.2968035653	2.25714974644	4.93849036155
3.27052595671	5.27504533223	2.23151552915	4.94409208719
3.30053622081	5.2428033727	2.26090154284	5.01805416494
3.31486866722	5.22198141078	2.22176606417	5.01582577827
3.32596479929	5.20723666619	2.23676913947	5.01593029614
3.35737082066	5.16891511422	2.18730635115	4.99765524631
3.37078554304	5.14962670619	2.17325849418	4.99799415251
3.39381057994	5.1233653701	2.18578827988	5.00603442148
3.42516802144	5.10128234172	2.20874971675	5.00353337249
3.41697988667	5.10697803257	2.16846212792	5.076338068
3.41889027572	5.10571336731	2.17411901197	5.07072716918
3.39927749389	5.10633805918	2.16986754902	5.07056686249
3.38566453517	5.10510883965	2.1485042848	5.07154378106
3.37597927127	5.10448391861	2.15296898149	5.06682827796
3.35325775393	5.11257867486	2.14793587354	5.0699567039
3.35536174864	5.10202841033	2.14110077784	5.05353956119
3.32955974504	5.10761969626	2.12136073516	5.04390450815
3.31015580172	5.10763079398	2.08452883607	5.01716645663
3.3000549831	5.10273896121	2.03845494385	4.88417219309
3.29373696165	5.09724438744	2.03090109814	4.86321256876
3.27636024563	5.0996785193	1.98740236447	4.8694962492
3.30409268139	5.07648541714	2.04690354355	4.86830392186
3.29297156366	5.07709600568	2.02074211591	4.84637423438
3.31307523164	5.05509418556	2.03004135641	4.72869266542
3.32041222013	5.04587654694	2.04449372401	4.6742921333
3.31010135553	5.04280530609	2.03935235092	4.62360703283
3.24053702798	5.07799339314	2.04554985893	4.59083305699
3.22897402384	5.08339373609	2.03954439936	4.57514124073
3.16184461691	5.11418284039	2.03111101912	4.57680740154
3.16660128744	5.11065584849	2.03802657308	4.56885543548
3.156740679	5.11711935382	2.01797405705	4.56445574426
3.14902646393	5.11828832787	1.96373475889	4.5449336549
3.14317139666	5.11536844529	1.99757941084	4.62615857018
3.10580417757	5.12585315622	1.9822434036	4.59786392161
3.1599980548	5.07700378273	1.9415155479	4.58491144002
3.19038551427	5.04693752868	1.98683446684	4.60445373171
3.19716661959	5.0356832255	1.95271405403	4.58809810897
3.27321685059	4.98107133576	1.92401822519	4.65288125849
3.25920465129	4.9865158299	1.95860376743	4.65579392566
3.27892393292	4.9641153096	1.98235690557	4.64656306086
3.27979656369	4.95500758376	1.9883890378	4.64797633599
3.31560486013	4.92504387279	1.97615869774	4.64295160351
3.3254263077	4.90844950041	1.96980718351	4.60005701242
3.33106838321	4.89553067081	1.95335495175	4.54910459236
3.3767514243	4.86198810729	1.96800531199	4.4868678915
3.37645290199	4.86198810729	1.94428517913	4.31675742583
3.3630540777	4.86760891906	1.97184965438	4.30992144656
3.36287797491	4.86014703786	2.00018646255	4.33823808909
3.42776515391	4.79615855291	1.97945033857	4.31979937181
3.49299089027	4.73288864918	1.9713249235	4.3151250669
3.52530728094	4.695982036	1.96382201797	4.30069069104
3.55273739498	4.65815089902	1.93311090351	4.3885868567
3.59154509781	4.61864754175	1.94513952681	4.39922733065
3.6609790333	4.54247736783	1.94056334171	4.38201676059
3.67191435992	4.52493113783	1.92011257398	4.3744483414
3.70274153035	4.47878704707	1.91701353633	4.35795385174
3.72374906569	4.44941085242	1.94291733028	4.36448087454
3.74680659695	4.41780770829	1.96246510378	4.3539118736
3.79868404534	4.35053200241	1.97205391391	4.28859453122
3.82007526831	4.32184006564	2.02136213695	4.11380292251
3.85849660945	4.26826455722	2.04951293563	4.08443948869
3.88269689762	4.23558328158	2.082062568	4.09714447747
3.94022419029	4.16095325091	2.06217008199	4.07650467937
3.9973633436	4.09035736123	2.07382198687	4.06777969356
4.06888552473	3.99133013897	2.02030539068	4.10307440588
4.09353183363	3.95396940337	2.0088637007	4.08842793281
4.13221179872	3.89751113586	2.00512718763	4.07945371373
4.15943612723	3.8663772378	2.01664619943	4.0623551473
4.1499757659	3.87703001434	2.01829249865	4.04130563267
4.15512254709	3.85120982279	2.0143816276	3.98815291099
4.17824419451	3.81308531884	2.01918919622	3.9306899292
4.24425149234	3.72145965806	2.11626709654	3.83537913014
4.25606936636	3.69423121635	2.09755389588	3.79372876609
4.26118038055	3.67710946358	2.08697680741	3.77260204414
4.29057426534	3.62089414978	2.10548008451	3.80538621625
4.35917246134	3.5134679127	2.08471628962	3.77057377292
4.3857198863	3.4671749086	2.08816617357	3.78847980957
4.43848576541	3.39144790938	2.0994133369	3.77645441274
4.43200510501	3.39954618372	2.10300600065	3.76128189525
4.442027517	3.36073391244	2.02954338796	3.83564796902
4.45007838243	3.33558882326	2.03011379234	3.83199393295
4.50823498441	3.22863247094	2.01283019637	3.80253514155
4.53347129885	3.17754431305	2.01658452253	3.80208784215
4.55199954862	3.14440988223	2.0245551918	3.7999795783
4.53922362318	3.15517653543	2.02469560887	3.79101810501
4.53535592865	3.14938744999	2.03114961326	3.79958538439
4.58203872336	3.06216678903	2.01981380005	3.79184657399
4.59650012317	3.02534237701	2.0017935902	3.77408517053
4.5847656434	3.02784941227	2.10435049422	3.70669840743
4.58982595611	3.02199368408	2.18093473629	3.65162011998
4.60771040098	2.96919679887	2.09916499574	3.68899934731
4.61416429151	2.93479085677	2.17530549211	3.66000088772
4.63214259986	2.88933086025	2.0632580566	3.6959663354
4.67396406128	2.78426130993	2.17186872215	3.65593843605
4.68525288454	2.7442224395	2.07068557503	3.6940898741
4.70147787368	2.69637822829	2.05392397994	3.68952507869
4.73566788152	2.59505131709	2.05999153085	3.68443571796
4.74594341978	2.55882807972	2.05521434168	3.69657240971
4.77773711667	2.47221974191	2.06470403871	3.70516121015
4.78727990269	2.45219872154	2.06948423819	3.69525511603
4.77778471119	2.47134941246	1.97437769978	3.73421043544
4.77901268372	2.43921344212	1.9655344809	3.7353774393
4.79744984218	2.37912552116	1.96121173852	3.7337273869
4.82011628923	2.3091602694	1.9707682686	3.7349905437
4.8290808342	2.26793207267	1.9695271655	3.7325759717
4.83857917991	2.24682535071	1.97254386213	3.72078753988
4.82527361574	2.24683031529	1.9653044086	3.71111350887
4.82793092464	2.22839866902	1.96400873442	3.71779067836
4.85580865737	2.12628894906	1.96001201526	3.70466194649
4.86273738558	2.0856546588	1.96408184899	3.70442137317
4.86733231596	2.05204879826	1.96907485914	3.68887935679
4.89824316624	1.95088253396	2.05955190281	3.59137136433
4.90295218643	1.93840725129	2.05490697762	3.58704964793
4.89658172066	1.9339517311	2.06194363427	3.59656776606
4.89648432885	1.92327060713	2.05096697279	3.58363175861
4.88760837979	1.92238180858	2.04606513786	3.59612612759
4.91424881366	1.84486266181	2.04433099433	3.59077172249
4.91615774935	1.83860728661	2.04380205362	3.5813983699
4.91379880819	1.84575623771	2.04374841834	3.59304912791
4.91412087546	1.84486281067	2.04244906525	3.59305627873
4.91444278679	1.84396932744	2.04888129955	3.60318182944
4.91379880819	1.84575623771	2.04336409283	3.57936469319
4.91347658499	1.84664960852	2.04958128048	3.58545187172
4.91379880819	1.84575623771	2.07751512067	3.59865085778
4.91379880819	1.84575623771	2.09098254086	3.60385742289
4.91379880819	1.84575623771	2.08010511231	3.58592869706
4.91379880819	1.84575623771	2.08947053689	3.59588094485
4.91379880819	1.84575623771	2.07948716527	3.56869383471
4.91379880819	1.84575623771	1.9681441746	3.61752670967
4.91379880819	1.84575623771	2.07199475174	3.53051171683
4.91379880819	1.84575623771	2.07511446466	3.49916717059
4.90406038656	1.84308139272	1.98982292721	3.50979854053
4.9124220722	1.78066396471	1.97170900788	3.47899437988
4.93226117715	1.70374935463	2.06327738982	3.47707160596
4.94547722433	1.6095028312	2.06995572927	3.42694903139
4.95257307511	1.55107228345	2.16418222306	3.33074075061
4.98085677726	1.45718681214	2.18827081888	3.23837009651
4.9732855963	1.42557384687	2.18135532048	3.24341417211
4.98634576959	1.3243092593	2.19325285157	3.25068445295
5.04896870563	0.499021612545	2.37319782932	3.14450130015
5.04896870563	0.499021612545	2.37319782932	3.14450130015
5.04896870563	0.499021612545	2.37319782932	3.14450130015
5.04896870563	0.499021612545	2.37319782932	3.14450130015
5.0488815299	0.499938595467	2.37293842088	3.14452896073
5.03059420178	0.495369866814	2.3637394447	3.12888848518
5.023127962	0.479859833851	2.36315989627	3.12104338376
5.03005217419	0.341105869886	2.40045171927	3.11421270761
5.02136055965	0.325573725605	2.39971547885	3.10569126266
5.01146696596	0.313733842744	2.39744534309	3.0964586039
4.99635522025	0.253805136673	6.38148357995	16.2821752493
4.98670102899	0.158648392599	6.20512346802	16.3351198356
4.96846843687	0.0149616029207	6.18956968056	16.3419039377
4.9575185757	-0.096779993548	6.10317477636	16.3693313669
4.93315805574	-0.262961535389	6.13700184658	16.3604635313
4.91344987551	-0.37475135133	6.26339380318	16.3265364035
4.87727939232	-0.554429945468	6.10126452383	16.3702193199
4.85219636103	-0.652570048322	6.2921192744	16.3165686314
4.80131262049	-0.836861337942	6.08324700368	16.3717877918
4.76814621339	-0.947366973284	6.08330804876	16.371991915
4.74112583189	-1.04773052162	6.28379991858	16.3261724813
4.7214073737	-1.13647608331	6.31271896905	16.3238476422
4.71709344789	-1.1313184597	6.53672433995	16.2426144464
4.70018398712	-1.12786472864	6.52925473575	16.2323189834
4.67048769747	-1.19693263209	6.31704641346	16.3000915995
4.64918512966	-1.27929449213	6.25505415042	16.3390886576
4.64429309308	-1.29707683391	6.34106346904	16.3138960216
4.64775750223	-1.28437693911	6.55895259067	16.2407741752
4.64841876891	-1.28268285454	6.53003461509	16.2509776744
4.64774649247	-1.28522392272	6.52377660685	16.2529214074
4.64549596355	-1.29369160132	6.5051507012	16.2593537662
4.64594725159	-1.29199838004	6.52998299392	16.2507707871
4.64617267396	-1.29115171035	6.52791432336	16.2514880216
4.64617267396	-1.29115171035	6.52584552765	16.252204895
4.64617267396	-1.29115171035	6.52584552765	16.252204895
4.64617267396	-1.29115171035	6.52584552765	16.252204895
4.64617267396	-1.29115171035	6.52584552765	16.252204895
4.64617267396	-1.29115171035	6.52584552765	16.252204895
4.64617267396	-1.29115171035	6.52584552765	16.252204895
4.64617267396	-1.29115171035	6.52584552765	16.252204895
4.64617267396	-1.29115171035	6.52584552765	16.252204895
4.64617267396	-1.29115171035	6.52584552765	16.252204895
4.64617267396	-1.29115171035	6.52584552765	16.252204895
4.64617267396	-1.29115171035	6.52584552765	16.252204895
4.64617267396	-1.29115171035	6.52584552765	16.252204895
4.64617267396	-1.29115171035	6.52584552765	16.252204895
4.64617267396	-1.29115171035	6.52584552765	16.252204895
4.64617267396	-1.29115171035	6.52584552765	16.252204895
4.64617267396	-1.29115171035	6.52584552765	16.252204895
4.64617267396	-1.29115171035	6.52584552765	16.252204895
4.64617267396	-1.29115171035	6.52584552765	16.252204895
4.64617267396	-1.29115171035	6.52584552765	16.252204895
4.64483845446	-1.29199818652	6.52351005483	16.2518451262
4.62909446801	-1.29537333651	6.51400316118	16.2406627317
4.6277214938	-1.30127909547	6.51139311142	16.2574244686
4.62632819731	-1.30549598176	6.54855383914	16.2440021584
4.62909446937	-1.29537432645	6.55070543687	16.2436119357
4.62891095631	-1.29621802281	6.54242421573	16.2464958395
4.62235981216	-1.29790636141	6.52584552765	16.252204895
4.61111822859	-1.3021097127	6.5130650057	16.245974343
4.58188452261	-1.36656540155	6.3630688856	16.2954420728
4.57678527659	-1.38075921165	6.39492736042	16.2973334963
4.57829803896	-1.37491623402	6.5008246633	16.2603856343
4.58239908269	-1.36071774534	6.56111669539	16.239895654
4.58168595633	-1.363224235	6.51961572959	16.2543589145
4.58073307987	-1.36656563973	6.51753887971	16.2550761961
4.58073307987	-1.36656563973	6.53622601536	16.2486076148
4.58042445085	-1.36405964853	6.5318432623	16.2490505022
4.56315298138	-1.37238516053	6.50148743631	16.2438751727
4.55798500686	-1.39401384942	6.47199521592	16.2718612538
4.55405282199	-1.40564668312	6.49661602591	16.2617378955
4.55527766786	-1.40149309136	6.52166865604	16.253559233
4.55833044365	-1.39152010027	6.55081277476	16.2436737543
4.55735781864	-1.39484519288	6.51960798452	16.2543607047
4.55687063569	-1.39650748435	6.52168729097	16.2536424644
4.55735781864	-1.39484519288	6.53000326226	16.2507658743
4.55760119252	-1.3940139834	6.52792445775	16.2514855661
4.55760119252	-1.3940139834	6.52584552765	16.252204895
4.55760119252	-1.3940139834	6.52584552765	16.252204895
4.55760119252	-1.3940139834	6.52584552765	16.252204895
4.55760119252	-1.3940139834	6.52584552765	16.252204895
4.55760119252	-1.3940139834	6.52584552765	16.252204895
4.55760119252	-1.3940139834	6.52584552765	16.252204895
4.55760119252	-1.3940139834	6.52584552765	16.252204895
4.55760119252	-1.3940139834	6.52584552765	16.252204895
4.55760119252	-1.3940139834	6.52584552765	16.252204895
4.55760119252	-1.3940139834	6.52584552765	16.252204895
4.55735781864	-1.39484519288	6.52376647204	16.2529238611
4.55629166754	-1.39484519288	6.52353262737	16.2518836713
4.54797525627	-1.40729314242	6.49362414695	16.2584166821
4.54410410388	-1.41973111902	6.49459496996	16.2627880098
4.52889323933	-1.4313076738	6.49420606705	16.250784018
4.51262379029	-1.45192897584	6.45133005321	16.2698793047
4.49048199668	-1.49213934673	6.41032889854	16.2771233447
4.46195001813	-1.54274411491	6.39391731038	16.2843052879
4.45380065771	-1.56553012909	6.46724488493	16.2717038334
4.45540111891	-1.558211841	6.54447145583	16.2448630635
4.45675914054	-1.554144281	6.56332323516	16.2387491444
4.4585120183	-1.549261513	6.53839293116	16.2479981247
4.45715825702	-1.55333060454	6.51540585641	16.2558052475
4.45711561097	-1.55333060454	6.52792513745	16.2514418324
4.4573866473	-1.55251688821	6.52793309196	16.25148373
4.4573866473	-1.55251688821	6.52584552765	16.252204895
4.4573866473	-1.55251688821	6.52584552765	16.252204895
4.4573866473	-1.55251688821	6.52584552765	16.252204895
4.4573866473	-1.55251688821	6.52584552765	16.252204895
4.4573866473	-1.55251688821	6.52584552765	16.252204895
4.4573866473	-1.55251688821	6.52584552765	16.252204895
4.4573866473	-1.55251688821	6.52584552765	16.252204895
4.44740747296	-1.55251688821	6.52398417178	16.2424008512
4.42907472741	-1.5727604695	6.46961517284	16.2489975343
4.38647625581	-1.63869203185	6.35041858419	16.2908552048
4.35503452361	-1.68656121289	6.29512341746	16.3052293607
4.31539073217	-1.75463446473	6.34288256801	16.2993530828
4.30642086253	-1.77670255399	6.37590702848	16.2986063166
4.30842810345	-1.77040265991	6.54257328819	16.2459438188
4.31063033538	-1.76488709524	6.54054570801	16.247176456
4.31186135848	-1.76173416072	6.53424295991	16.2493095729
4.31093829751	-1.76409894219	6.51954612808	16.254372539
4.31124612208	-1.76331073541	6.52794507518	16.2514816141
4.30471197508	-1.76409874867	6.52076856594	16.2474861782
4.28461721523	-1.78292450844	6.47361227527	16.2569171804
4.27586704403	-1.80406004977	6.43487650516	16.279765929
4.27695483942	-1.80093155369	6.53423375144	16.2491385866
4.27447631965	-1.7923285434	6.54817704133	16.2383489241
4.25838796831	-1.80168520075	6.50865626689	16.2390465739
4.21874124696	-1.8644231084	6.35303501274	16.2960284412
4.20761972114	-1.88909798722	6.33936530016	16.3105769187
4.21741923485	-1.86442803573	6.59317881067	16.228160084
4.21563496995	-1.86905833783	6.60799394962	16.2237182174
4.21563496995	-1.86905833783	6.52584552765	16.252204895
4.21428639787	-1.87214403773	6.51740474986	16.2550569532
4.21526604436	-1.86982984826	6.53217104659	16.2500302214
4.21415724721	-1.86982984826	6.5257153947	16.2511037608
4.20322899771	-1.88368777997	6.48727431822	16.2601863284
4.20290016503	-1.88445713238	6.523735704	16.2529291759
4.18973110801	-1.8905951755	6.50776183638	16.247524013
4.16695643853	-1.91581418781	6.45477023029	16.2641798904
4.14085944456	-1.95236266781	6.4232604405	16.2767303754
4.12938734018	-1.95765958063	6.50336192706	16.2460262358
4.0843387577	-2.02981332472	6.51103729146	16.2576139094
4.08680876596	-2.02232578931	6.53214389156	16.2493042705
4.06549792179	-2.02681198028	6.51155892315	16.2374244859
4.04307524549	-2.06098809455	6.42688892829	16.2696328092
4.02693764716	-2.08320104088	6.37842086419	16.2925949113
4.0061889809	-2.09718199998	6.48205900988	16.2477133104
3.98910006549	-2.13165903793	6.40426228263	16.2903024356
3.98150966701	-2.10906316035	6.59065888052	16.2104862756
3.97405244281	-2.09810899687	6.65411789345	16.1849995989
3.96436153955	-2.07850243237	6.58212758834	16.2129655588
3.96440484568	-2.05815153394	6.66293887157	16.1839015839
3.96312505818	-2.03272127755	6.59955137637	16.2128060475
3.97095279946	-2.01597421659	6.57500641444	16.2350904339
3.97306163262	-2.01160006446	6.54723907008	16.244917416
3.97174154486	-2.01451647083	6.51729184021	16.2551944103
3.96108348452	-2.00797488213	6.54392953363	16.2318802148
3.95311089711	-2.00434004273	6.53570990078	16.2388783806
3.96446250969	-1.9796325227	6.53655675134	16.2484791024
3.96791126803	-1.97235242636	6.55798537389	16.2411693192
3.96215706069	-1.97162299177	6.5274093182	16.2454067569
3.95703080182	-1.95638023182	6.56969497961	16.2245793638
3.92931038921	-1.97371196549	6.47234728902	16.2501640735
3.91231389883	-1.93125827474	6.64885281125	16.1716868169
3.90813208713	-1.91906283124	6.57545710039	16.2147241615
3.89971665452	-1.90903455294	6.55464392112	16.2289503822
3.90327946196	-1.90043427764	6.55175681911	16.2433031552
3.90679252237	-1.89254365817	6.54959709589	16.2440364413
3.89537716834	-1.8782437512	6.56699403443	16.2196709749
3.88373894071	-1.88824005207	6.54613558565	16.2334145958
3.89684775224	-1.85536753394	6.62510575684	16.2163439804
3.89717151249	-1.8546515982	6.50417979785	16.2594809812
3.89315734033	-1.83534638261	6.58269937537	16.2197607642
3.88992424978	-1.82177746126	6.5658280616	16.2290504067
3.8850490441	-1.81748881184	6.58139841634	16.2269679923
3.88360115858	-1.80892963928	6.55301350536	16.2349038664
3.88674778752	-1.79608333838	6.56457915181	16.2365055988
3.88674766799	-1.78751246749	6.55138266878	16.23969724
3.88755695646	-1.76967403787	6.58731665994	16.220392837
3.88749924636	-1.74968872142	6.6432018305	16.1977385907
3.90672976492	-1.69741668511	6.68389123243	16.1951510633
