0.0	0.0	0.798834449819	0.18785074788
0.0	0.0	0.76504739143	0.105761072538
0.00588515400538	1.02715315424e-06	0.81205965048	0.189401759124
0.0173995607642	1.36432356166e-05	0.774099892453	0.107004467169
0.0332632626993	0.000153505359008	0.819483881192	0.18865376541
0.0412373713967	0.00025928414618	0.768138399556	0.0974946923978
0.0628896233007	0.000965112110385	0.821146942254	0.188849571883
0.0712402286373	0.00133116765827	0.810316496566	0.183471428391
0.0909159407429	0.00235208654297	0.803787138494	0.0972301876042
0.102399861761	0.00318674789294	0.849604272719	0.101426115475
0.114250935177	0.0042442261332	0.911888665688	0.108506779037
0.134229330749	0.00632104921228	0.977899167234	0.11421339642
0.142829278307	0.00731457605707	0.990897184861	0.111938716781
0.160604018082	0.00952186132882	0.924887079314	0.165290560344
0.183943686931	0.0125911336378	1.07085850295	0.119198259735
0.195143628712	0.0141001825566	1.11848323206	0.127066388797
0.210078774282	0.0163018962655	1.17550557873	0.147194125884
0.221762607025	0.0180434811309	1.21877024378	0.154009903549
0.229403008256	0.0191417575197	1.15754800833	0.0756573121493
0.2461593429	0.0215638195295	1.16503489753	0.0799778702593
0.25818807051	0.0233051944796	1.16404073375	0.0844589674515
0.276093008743	0.0258285971539	1.17660035945	0.0874961588884
0.285602521095	0.0271092638364	1.18351395194	0.0872780432279
0.307045645363	0.0298809094106	1.2242389859	0.089332127296
0.324861700306	0.0321019365256	1.27515640898	0.0916876751668
0.333201416818	0.0331170610972	1.35187765096	0.183934600666
0.352859038441	0.0353819272792	1.40242643748	0.181503942176
0.363501429589	0.0365301771974	1.39417423741	0.269868513426
0.378295599887	0.0381581146258	1.40254897819	0.26545183193
0.389571821066	0.0393948512339	1.40266008383	0.261725271221
0.400672063043	0.0406700068877	1.40300707132	0.265439826911
0.421716633799	0.0431912334801	1.41508310223	0.264579588634
0.43420045695	0.0447485310561	1.40657817975	0.257769825292
0.434623548086	0.0448020324124	1.41074836823	0.255625207453
0.439827660759	0.0454593747043	1.42501963199	0.250833756
0.44918097774	0.046617761342	1.44307051912	0.239699816841
0.464779479081	0.0486950435404	1.44773910937	0.23972337944
0.481082712016	0.0509707248023	1.48196149988	0.248625516419
0.493017448665	0.0527647536908	1.51875779724	0.242828050619
0.505495278548	0.0546751389619	1.58119815853	0.249536504105
0.525004224315	0.0577199123105	1.65706483271	0.164704573378
0.552668700421	0.0621591543374	1.66718162606	0.0787877421012
0.563823736289	0.0639708750163	1.66737517018	0.0800102345952
0.57544280791	0.0658516531196	1.66815904229	0.0854424850108
0.575821812712	0.065912224169	1.66720955405	0.0928896841671
0.592086927414	0.0684465258941	1.68996362646	0.0956855759451
0.603970549301	0.0702926851079	1.70975460341	0.0985202349499
0.614811019057	0.0719070695236	1.78271294201	0.200703914456
0.63368680239	0.0745696965408	1.82024384877	0.189441737646
0.644968953458	0.0761076463504	1.82492421687	0.293721203077
0.661959059098	0.078397250353	1.8367555516	0.296092025242
0.670457580569	0.0795161019304	1.84087815023	0.292539666349
0.682043007045	0.0810384243892	1.84298434749	0.286940302431
0.682550218702	0.0811064462921	1.8365612433	0.277663114175
0.70059986684	0.0835166457973	1.87514769241	0.2831604054
0.707488818202	0.0844456200236	1.87426935913	0.272028101506
0.723928263508	0.0866703857203	1.88295816811	0.272373895703
0.739767951261	0.0888742153597	1.88821292371	0.26823760097
0.748510840343	0.0900951689331	1.89564793589	0.271359822405
0.765104563063	0.0924494075488	1.91393618243	0.275762194566
0.776206484318	0.0940443684273	1.93848168826	0.275456316092
0.793464491301	0.0965726828872	1.96751454412	0.276953224144
0.809957849244	0.0990244917002	2.03875384288	0.187309478878
0.8242058125	0.101208350742	2.06029502813	0.19035334392
0.835457049963	0.102958178288	2.08602424007	0.20418797125
0.83507780501	0.102899129137	2.06681996259	0.0937678976836
0.853118240022	0.105673407808	2.0916696037	0.100913820014
0.862813059187	0.107162608625	2.08865241311	0.104046527923
0.87387397893	0.10874290784	2.09146750758	0.112181671298
0.879160659014	0.109426983283	2.10191172416	0.110256147039
0.89041090531	0.110881124885	2.1127542365	0.122117512445
0.900559150898	0.112211175906	2.14253690963	0.243429791254
0.909494347758	0.11327483463	2.15861364237	0.23908650202
0.918263575457	0.114289468893	2.18188543074	0.249252282602
0.938199239875	0.116744617245	2.21774306826	0.265143994061
0.949627108661	0.118153857315	2.22854124117	0.275576556058
0.966855777834	0.120260115572	2.23615150781	0.278397585577
0.975702743366	0.121343251753	2.23937645813	0.276910329813
0.993056735141	0.123478650922	2.24501835785	0.27686457945
1.01032681311	0.12559761256	2.24423815135	0.280067179838
1.02162885469	0.126981841721	2.2458543422	0.279105306239
1.03318543201	0.128392622047	2.24264356096	0.275284707285
1.05363261623	0.130880970949	2.25240715702	0.275414441588
1.06544487438	0.132308844285	2.24974778264	0.268479031377
1.07730016402	0.133736084498	2.25003805082	0.266493878055
1.07793539325	0.13381150118	2.23893760212	0.265200339037
1.09433104846	0.135699649265	2.26390617971	0.262038559285
1.10102214132	0.136493960742	2.26962449772	0.267257685745
1.12029678477	0.138730174743	2.30420302387	0.270443917366
1.13542706075	0.140422521132	2.32487900101	0.272092549474
1.14835647902	0.141841405468	2.34582230664	0.286218943135
1.16535212338	0.143737309157	2.38216314121	0.300589097096
1.17399904418	0.144694993352	2.33207762049	0.202146931893
1.19201415515	0.146683902585	2.32624032476	0.207227137145
1.2097735635	0.148657117501	2.33325755088	0.210507211079
1.22155762359	0.14995757315	2.33127423396	0.213559999033
1.23325792681	0.151239376575	2.39208492147	0.316175037762
1.25416288878	0.153478128516	2.43686993389	0.325144843714
1.26582619647	0.154705039329	2.46174128853	0.331130723458
1.2838085698	0.156599815355	2.49883774097	0.341418116533
1.29602306692	0.157886312507	2.45862471231	0.411963859009
1.30501417052	0.158834488849	2.44897355046	0.410520069979
1.32325168104	0.160749711872	2.46073925651	0.411630727414
1.34466870859	0.163012684341	2.47348003522	0.407625467632
1.35378501083	0.163993373549	2.47503515365	0.405086353518
1.37226922639	0.166007930552	2.48413966868	0.401635682213
1.3878219365	0.167760078627	2.48879020838	0.401052593437
1.40650758164	0.169892275211	2.52282619836	0.406692872713
1.4188329494	0.171339116457	2.52796343253	0.41071009305
1.42810615427	0.172449803976	2.53810940922	0.414767002841
1.44994820629	0.175125641521	2.54187566855	0.427426925914
1.46209191886	0.176653222185	2.575018689	0.453912084088
1.48066074006	0.179040137365	2.5708963739	0.470343267514
1.48996174715	0.180271244659	2.63158209195	0.512186519276
1.50881127731	0.182813041352	2.70126762007	0.536733357988
1.5276131786	0.185388603993	2.76925709984	0.547072778272
1.54345371585	0.187586299483	2.85887007081	0.549956763375
1.55620648436	0.189385792331	2.92980693022	0.540663141528
1.56899764492	0.191218220457	2.97881719648	0.527540762438
1.58828297767	0.194030029029	2.98831475954	0.512599632936
1.60764452497	0.196909746557	3.00465186491	0.514769345338
1.6206319975	0.198872727719	3.01388697302	0.525899065372
1.63993681085	0.201842298131	3.02867024881	0.540287843897
1.65291127639	0.203889459457	3.01543249435	0.530084536366
1.6530374956	0.203910369996	3.00440082109	0.528273738244
1.67059168323	0.206756355542	3.02128267512	0.528622592006
1.68047461291	0.208418982593	3.03541114822	0.533345514947
1.69862379528	0.211583469547	3.02593229084	0.415347025133
1.71155323705	0.213898045557	3.05507844613	0.423972196992
1.72897555924	0.217010211315	3.15859592688	0.372554629471
1.73720388316	0.218480344497	3.21872781398	0.417356832232
1.75740219081	0.222058176289	3.22245536532	0.424665191505
1.76639117551	0.223635089802	3.17312078011	0.493632388481
1.78386869883	0.226679784528	3.29210326557	0.435764589585
1.7926527193	0.228190733714	3.27433227286	0.432358528919
1.81030561085	0.231222476841	3.30105991018	0.432793122072
1.83107520626	0.234750654727	3.32259857223	0.437014540679
1.84587969173	0.237234475497	3.28592528186	0.518629363561
1.85782871595	0.239211507052	3.3263809373	0.537444254803
1.86696074523	0.240710207544	3.3642282668	0.55636438304
1.88463967565	0.243586221808	3.34299772475	0.452890112685
1.90564392351	0.247003232817	3.34860681974	0.454649674248
1.91452497545	0.248451195165	3.34461624126	0.454439058831
1.93279294427	0.251424671287	3.34597829179	0.457723780764
1.94790524515	0.253876673049	3.34419163755	0.465359808242
1.9601137678	0.255852370958	3.34510057192	0.471928170237
1.98192437712	0.259358671644	3.36564784162	0.478785098105
1.99127211688	0.260859283846	3.37658219376	0.484028632982
2.01022103306	0.263896104523	3.40262536203	0.502157271252
2.02272784246	0.265897132032	3.44181604374	0.512152781791
2.04159464789	0.268907285041	3.46602767651	0.520441770188
2.05431218348	0.2709409121	3.50529093931	0.531738916215
2.06681759819	0.272950633686	3.56599273648	0.642489005811
2.08892196946	0.276510387185	3.61297470257	0.656908517726
2.10155227577	0.278549264309	3.6511416769	0.674716721785
2.1202001306	0.281577889588	3.69659964534	0.692594189658
2.12958573132	0.283111476792	3.7922043151	0.64843053154
2.14856574565	0.286222974902	3.79576933511	0.638098122443
2.16754494648	0.289339430832	3.73424453763	0.696260057099
2.18362307706	0.291963063772	3.80726654426	0.644213031712
2.19654681282	0.294057413398	3.81142304421	0.640729177524
2.20963820181	0.296183576721	3.74643689	0.694041730306
2.22883328181	0.299301097043	3.80437896669	0.640059119782
2.24840998007	0.302463068649	3.79497982247	0.711287326572
2.26158592889	0.304600620397	3.83158850043	0.725662350573
2.28103412611	0.307755781402	3.89857075015	0.754586971999
2.29399682266	0.309876211518	3.83935180788	0.657572019614
2.30712657724	0.3120320385	3.82337393573	0.651711540855
2.32639619443	0.315222102939	3.82792501346	0.66079848371
2.33935273618	0.317379824804	3.83738981084	0.662544056462
2.36219414177	0.321188717105	3.85215168732	0.665845149228
2.37519047681	0.323367051811	3.85065876066	0.664231114933
2.3948742419	0.326666304798	3.85508054003	0.66801921211
2.40467449669	0.328306305003	3.86038114187	0.663808907845
2.42482061979	0.331684854576	3.89584153549	0.671871905084
2.44483910721	0.335050942745	4.01231101384	0.784914254849
2.45821221284	0.337303217018	4.0670572338	0.809589108949
2.47154267256	0.33955192437	4.01223966668	0.871153862819
2.49512936782	0.343557688719	4.12964529282	0.81900236449
2.50866426211	0.345876128576	4.13131416383	0.826152233413
2.52858621448	0.349301135954	4.14155645752	0.822136531379
2.54182369854	0.351587623819	4.21505330082	0.768068734985
2.55195019824	0.353344055475	4.20090641168	0.759089731388
2.57177966909	0.356803227687	4.19842715464	0.754173411555
2.58551705734	0.359202047539	4.18788904062	0.753783338406
2.60568326683	0.362716166895	4.1622647707	0.818038623342
2.62589424887	0.366221727228	4.22893252712	0.835778979671
2.64291325514	0.369165060777	4.30489946277	0.855056337151
2.6566943398	0.371561540972	4.25168649639	0.769678993069
2.67022291433	0.373916580461	4.35329225069	0.85274597187
2.69088918724	0.37754194892	4.43360228174	0.96883566865
2.71155608355	0.381163769251	4.43033418438	0.965244389973
2.72171994968	0.38295410405	4.42082828883	0.961252647434
2.74212601333	0.386581568516	4.41872529206	0.962739137759
2.75572305405	0.38903893739	4.41837307347	0.969660851438
2.77912955489	0.393329461283	4.38990282017	0.870076566089
2.79639535025	0.396585701263	4.42450296064	0.875039427028
2.806451778	0.398489518938	4.46529025335	0.883764195796
2.82677008165	0.402358198701	4.46166662584	0.9671989659
2.84063553579	0.405005107761	4.45688271692	0.964160680487
2.86132573749	0.408972494295	4.47529324595	0.969062991645
2.88222288843	0.412992876497	4.47427405058	0.969198828877
2.89967872771	0.416390376082	4.49110025057	0.968030805755
2.91344985672	0.419075947379	4.49801463509	0.967604075343
2.92734667424	0.421785396524	4.50672072695	0.967846528824
2.948181005	0.425905075072	4.51976125892	0.966687710418
2.96875896486	0.430002110618	4.53321980307	0.966574060992
2.98251476152	0.432765143238	4.5419999507	0.968435662003
3.00304086483	0.436903908883	4.55214492661	0.972049151675
3.01687382057	0.439715718597	4.55139517063	0.971182113604
3.03057920553	0.442512830456	4.55487350374	0.97144609926
3.06913627276	0.450433842306	4.64846904894	1.00865883548
3.09026644173	0.454811605406	4.7947365875	0.986704703612
3.10442217742	0.457747632373	4.80201444263	0.981244666559
3.12554467141	0.462162275039	4.80200600495	0.984991093709
3.13623017538	0.464400432863	4.80472577342	0.992700987357
3.15738549425	0.468866240464	4.81557226526	0.998339671872
3.17123407002	0.471812372442	4.79383885129	0.984887716702
3.19229027183	0.476334142192	4.79930526906	0.992507087541
3.20604809589	0.479296756151	4.79597619655	0.985685735404
3.24459551909	0.487675765702	4.79547113088	0.985377619787
3.26567626773	0.49228563418	4.79284769141	0.982387583767
3.2798812356	0.495399699546	4.79044954214	0.985214943166
3.29062848317	0.497756736584	4.78336819939	0.981244897863
3.31178891999	0.502401417502	4.78253819794	0.979479059694
3.32603130142	0.505543904202	4.78529855386	0.976609912622
3.34739015081	0.510278993744	4.78349286423	0.975353550307
3.36874111075	0.515049523381	4.79684825861	0.985498512035
3.38276190392	0.518206041068	4.78990606273	0.978090751261
3.41765252241	0.526134117128	4.77909205627	0.975354461236
3.43868132409	0.530975416531	4.78947876014	0.976459488773
3.44910860705	0.533394248703	4.77425129276	0.970985952445
3.4736512315	0.539129377609	4.78531768244	0.978004762539
3.48444624661	0.541661325545	4.78105490898	0.976987993565
3.50926502919	0.54752622564	4.77861165161	0.970903873992
3.52357989554	0.550925283179	4.777371812	0.970676092195
3.53793118446	0.554355459473	4.77553394856	0.968232744106
3.55936096661	0.559539938318	4.79504439003	0.982250504079
3.59137756272	0.567391935519	4.78418421853	0.973353542811
3.61596218155	0.573498763565	4.78141112741	0.973557679222
3.6300268507	0.577023675041	4.78604264263	0.972981549519
3.65107043403	0.582348543271	4.78813599163	0.973930093411
3.66524415388	0.585964082918	4.78041490381	0.971699808116
3.67933227265	0.589570108294	4.77593157471	0.969817351419
3.700769715	0.595076359745	4.77865554271	0.967771974501
3.72215528262	0.600612994112	4.78536981655	0.97194515535
3.73259870094	0.603323571072	4.77914693676	0.968307914317
3.76726032652	0.612369815647	4.78850988126	0.972351518672
3.79113590008	0.618667005359	4.79836347946	0.974479290847
3.80766546046	0.623051063337	4.79491270508	0.973043500505
3.81759711925	0.625695529624	4.79310889505	0.974884654718
3.83659237404	0.630763963419	4.791075061	0.970301730745
3.84936024848	0.634192810767	4.7877759225	0.96876918147
3.86809557363	0.639242646901	4.79747254497	0.97328397444
3.88649625877	0.644223051652	4.79942146274	0.971572271137
3.90159883597	0.648330241534	4.79477722089	0.970011150902
3.92598965623	0.655010539245	4.79744291187	0.972112674473
3.94375000045	0.659907517254	4.80298734311	0.970751378706
3.952668484	0.662377479398	4.79153771547	0.966133882693
3.97465178206	0.668483827959	4.80690563075	0.969810341976
3.98371957457	0.671053173645	4.7994616127	0.967829607982
4.00524073712	0.677226869383	4.80311999389	0.969133612344
4.01884172637	0.681160758513	4.81038330612	0.969598194566
4.04076020502	0.687647602022	4.81237392742	0.973866283285
4.05488201309	0.691925478785	4.83933603129	0.994434221047
4.07564478936	0.698257395401	4.81481466419	0.973439776607
4.08969760772	0.7026148324	4.81175197208	0.97295049905
4.11096741235	0.709327349275	4.8088890214	0.969871096935
4.12140219733	0.712679601277	4.8026690225	0.967074995109
4.14622720309	0.720872063634	4.81521556431	0.974238579611
4.15684788583	0.724477299624	4.81343271086	0.973239647778
