0.0	0.0	0.928264606769	0.0817847512008
0.0	0.0	0.927572361487	0.0833762628643
0.0	0.0	0.922967135627	0.0847755983427
0.0163334344657	1.71936499269e-06	0.940462889012	0.0796451748443
0.0233700230722	1.27724216197e-05	0.934174736214	0.0845868085349
0.0472943480092	8.29313399969e-05	0.937724173661	0.0829576194234
0.0612393087026	0.000173699774974	0.941891172127	0.0833213682547
0.0806422413344	0.000371185040954	0.945222911695	0.0833783158308
0.0903647928706	0.000491671488784	0.943248904124	0.0794439829649
0.109339982941	0.000786184449516	0.949948087062	0.0810500432859
0.127417933058	0.00116455084175	0.955034264038	0.0805802878438
0.142084137894	0.00150852627897	0.957418004542	0.0777381422987
0.154234446591	0.00181293367803	0.955273741126	0.0710510323829
0.172863527506	0.00233145185459	0.964023498635	0.0695008297354
0.182027801614	0.00262265290047	0.959029922352	0.0660234309268
0.200270117761	0.0032324450324	0.96703271858	0.067345213243
0.218084922236	0.00386520188372	0.974841819396	0.0672212271726
0.226479658167	0.00419649938643	0.973696528399	0.0664701275735
0.246547966494	0.00504608099138	0.988422469098	0.0676955717436
0.25809408834	0.00554918977708	1.00034224701	0.064706627897
0.272537577919	0.00617422592974	1.02411537997	0.0581715928338
0.294051866072	0.00714596102521	1.02149088415	-0.00294756126782
0.29958932086	0.00741498435414	1.06911821097	0.065507276184
0.309471726179	0.00789139912051	1.04415032106	-0.00678575416583
0.329328018983	0.00870444149357	1.1251520124	0.0685756126008
0.345267262862	0.00927853185037	1.14717543605	0.0645779352208
0.35801410011	0.00960724174902	1.16965837162	0.0574121818967
0.367607755454	0.00978809931235	1.18490925148	0.0543905321636
0.384533669928	0.010181136109	1.21776744239	0.0551156421666
0.401246415501	0.0105691567465	1.23932166659	0.0484782993778
0.410455479388	0.0107829640366	1.23013760234	0.0398388876032
0.433307196595	0.0113306522021	1.25405505844	0.0356275274688
0.445628455726	0.0116221429927	1.26059044639	0.0321549626686
0.463577567152	0.0120404244324	1.27070986881	0.0317405341478
0.475301951041	0.0123176480578	1.27813698942	0.122662108268
0.494317417479	0.0127390589733	1.31516147322	0.111115945984
0.512607845202	0.013152235724	1.36234028187	0.094928567384
0.523179243408	0.0134715276316	1.3921476033	0.0920963237013
0.544481263936	0.0144139612157	1.41449845264	0.0891187506134
0.56606604886	0.0156716014842	1.41603384166	0.087919182938
0.576915864779	0.0164074629168	1.37084990275	0.00972978389632
0.600643060617	0.0182203459986	1.42649864726	0.100317928828
0.612498122333	0.0192331199056	1.42754229414	0.104313797015
0.627413751678	0.020493	1.43339878983	0.10133321079
0.652528819561	0.0226048020596	1.44452109531	0.106600458719
0.663611850339	0.0236329437393	1.44969026204	0.100121100053
0.689834357193	0.0262725581659	1.46664848055	0.102416057381
0.701149000582	0.0275496978924	1.48601485671	0.0961847620749
0.723747567976	0.0303619705483	1.51355917801	0.0976134179666
0.738833985239	0.0324080431216	1.57291963878	0.101557442864
0.764941824402	0.0363090806387	1.64261366448	0.102564332704
0.780015128802	0.0387347774612	1.72136522784	0.00768327045623
0.802761064484	0.0425965865931	1.72396852523	-0.0837735198976
0.818041628861	0.0453301654392	1.70983869053	-0.0785683031229
0.83302999251	0.0480015646974	1.72130124045	-0.0764019964836
0.855965627882	0.0520177943988	1.7567341462	-0.0712876403978
0.878916111344	0.0566436621015	1.80904515441	-0.0465202592938
0.890193535863	0.0591706657426	1.87498305102	-0.0407783078123
0.912829874623	0.0646260667511	1.96333037111	-0.0311516822029
0.927866465718	0.0684819120375	1.97478602018	0.066137562866
0.95402055523	0.0755026243896	1.94995269794	0.155306662427
0.97242134447	0.0806432927713	1.96151341134	0.151969347113
0.983412619088	0.0836171998232	1.96770906392	0.142287858619
1.00397244909	0.0891077345447	1.97349432276	0.141009454687
1.01757376235	0.0928840302598	2.00465240245	0.140796356538
1.03754738247	0.0985751438099	2.03963033465	0.140407160947
1.05712774119	0.104245239238	2.09961226651	0.0475061129744
1.07117004273	0.108341608147	2.15129294119	0.0488087390189
1.08663417821	0.112893695574	2.21361488222	0.0595493661411
1.10148225417	0.117119257404	2.16005884692	-0.0352012648544
1.14045387522	0.127207998109	2.16686209056	-0.0563965097129
1.16779495859	0.134403720773	2.15919800911	-0.0277274931852
1.17891181419	0.137715686781	2.17029633019	-0.0316417774783
1.20585136086	0.146572634397	2.20314393918	-0.0197682459858
1.22488543775	0.153503283867	2.25231948952	-0.00977474082154
1.23590934137	0.157748214584	2.36418749984	0.0606137277935
1.26186685244	0.16840539652	2.41578821603	0.0760591060387
1.28068086341	0.176578681109	2.43007799352	0.168119613831
1.29598089688	0.182989740794	2.41828272251	0.16104985036
1.33408855451	0.198297438959	2.50500035642	0.0679494309985
1.35678453952	0.208236032647	2.51140204941	0.0732784963312
1.36808420762	0.213469183293	2.51560720117	0.0808027637078
1.39403305187	0.225425170237	2.55276633979	-0.0186079579365
1.40913569013	0.231755779261	2.55552316578	-0.0233978271009
1.42883659764	0.239571810815	2.53146970567	-0.0182449349798
1.43818433485	0.243301708661	2.50635203727	0.0659702814436
1.44415161009	0.245722341795	2.54849936133	-0.0274142323246
1.46056826566	0.252219001476	2.49902934377	0.0668997568577
1.48753320514	0.262416064185	2.55343636444	-0.026676054057
1.50573145438	0.269024509326	2.51196563955	0.0639349179658
1.5104542818	0.270634130779	2.52070776168	-0.0207083323714
1.52948127364	0.276799228169	2.54874125712	-0.0418761599388
1.53474076023	0.278411970158	2.5017778947	0.0642771490373
1.54039089002	0.280058437435	2.54070946432	-0.0339913393335
1.56009486832	0.285604947513	2.52608315738	0.0418041255822
1.56410139402	0.286634393871	2.54577923198	-0.0464242993694
1.58329424205	0.291271467942	2.54553556746	-0.0488945461254
1.59409213398	0.293593185335	2.51633658421	0.0458229132824
1.59886555507	0.294514970981	2.50909123783	0.0512630041127
1.6261614516	0.299342847789	2.55107710389	-0.0522385688822
1.63798934341	0.301267935697	2.55959090087	-0.0593429464377
1.64258888666	0.301940222736	2.53334880531	-0.0493736234875
1.65053840504	0.302981496527	2.53743197975	-0.0578585363725
1.65430432859	0.303454324927	2.55211810986	-0.0602922768892
1.65824520045	0.303900229223	2.5301817306	-0.051479088776
1.66389053094	0.30444873295	2.53047070753	0.0222331161898
1.69506147358	0.306790800379	2.56057276917	-0.0721629605571
1.71030239605	0.307684587002	2.57330635954	-0.0764428578057
1.71524414153	0.307910674234	2.57671831714	-0.0739477171571
1.71882473844	0.308020071364	2.57513103507	-0.0572394199243
1.72364318927	0.308087004138	2.58812966472	0.011356691727
1.73409008875	0.307930408933	2.6377708404	-0.0725547982502
1.74836025719	0.3072633716	2.64112669788	-0.0739142513152
1.75159242039	0.307023344579	2.65426955615	-0.0729089971088
1.7659440649	0.305687258183	2.64691711205	-0.0737688640868
1.77583241841	0.304344291623	2.66458849493	-0.0753546229556
1.78994743436	0.30213936344	2.67474685136	-0.0645197329557
1.7972363049	0.3007519866	2.70001016528	-0.0672943349183
1.80961067279	0.29785919124	2.75898609271	-0.0916379337342
1.81642221443	0.296093801226	2.83639652852	0.0318744019031
1.83326867419	0.291107640272	2.86351134463	0.0139275336895
1.8545234129	0.284072545633	2.93200849491	-0.0836941256658
1.869340994	0.278902429757	2.9491798482	-0.0896050460348
1.87736818603	0.276019479693	2.95905389598	-0.084497562859
1.89225750958	0.270422950587	2.96940847011	-0.108384590211
1.89870675376	0.267829159717	2.96442129145	-0.112013167
1.90879621703	0.263441324389	2.96885480166	-0.12514739357
1.91665031344	0.259800399671	2.94319909382	-0.030605930069
1.9308583894	0.2528398769	2.97566867547	-0.0419292524188
1.94132264022	0.247544830718	3.00433008105	-0.0410717828178
1.96526664527	0.235171079932	3.01730368227	-0.0450702363696
1.97624160046	0.229470047206	3.01364743224	-0.0315296182625
2.00080000956	0.216706172939	3.03247468646	-0.0346822366615
2.01112785603	0.211332127178	3.03441437539	-0.0282622257901
2.03602197695	0.198381920855	3.07009425816	-0.0367230713599
2.04662040617	0.192881174679	3.10268041075	-0.0356983631208
2.06769990836	0.181931300398	3.1594002314	-0.0409844968859
2.08887752611	0.170892816292	3.21875296121	-0.115920094897
2.09935764787	0.165441858976	3.2330148756	-0.111074987818
2.11211309937	0.158820327496	3.2444121711	-0.108126621598
2.12020490347	0.154600113252	3.28084916424	-0.116488531516
2.13153252985	0.148561967424	3.27909657195	-0.130394432586
2.13992586015	0.144000627831	3.29273256761	-0.135284480417
2.14567878598	0.140832697936	3.29113807727	-0.129745263904
2.15851620789	0.133732244675	3.28238120268	-0.127521578305
2.16518950939	0.130025556676	3.27626597938	-0.123301696855
2.17913802625	0.122290618774	3.27813853208	-0.119862798952
2.19259844149	0.114818665989	3.27626298344	-0.116944452307
2.20397247353	0.108508788442	3.28490192919	-0.115019993515
2.21068175452	0.104779050482	3.28339251803	-0.106009761568
2.2265417381	0.096006329702	3.30725274956	-0.103323030813
2.23329808842	0.0922735462466	3.34485446815	-0.107648252058
2.24846623986	0.0839241927146	3.37103748442	-0.0903205212268
2.25706239753	0.0792003686086	3.45532796965	-0.10359567318
2.26993467087	0.0721632978771	3.50347407807	-0.127456727606
2.2765276839	0.0685761307153	3.49741238521	-0.154950542808
2.28911159293	0.0618125161523	3.49281929479	-0.168291536192
2.30147054352	0.0552613772352	3.51066047883	-0.183428731049
2.30930551376	0.0511941871707	3.49480431954	-0.196751148148
2.320995587	0.0452050678862	3.49887306941	-0.199676289932
2.32857473021	0.0413869156738	3.45810721613	-0.133910277444
2.34298104251	0.0342493127577	3.45824779899	-0.133150815495
2.35473895082	0.0284907725577	3.45359674737	-0.138342101087
2.37949117253	0.0165914087179	3.47387246631	-0.141112787915
2.39062912423	0.0113146266639	3.46559367265	-0.136090725775
2.41760958507	-0.00105619023454	3.47127623536	-0.126315553509
2.43294986529	-0.00791188549326	3.51254193674	-0.210702214481
2.45254649242	-0.016530785878	3.52474567684	-0.209177075468
2.45941863717	-0.0194412482264	3.52612895606	-0.200571323786
2.47257294226	-0.0249046426924	3.52517735729	-0.193721182356
2.47850027935	-0.027310279695	3.5485208143	-0.186493775607
2.4916847095	-0.0324705501463	3.59781287407	-0.171764257321
2.49942829781	-0.0353833523885	3.62081727203	-0.0710923072894
2.51458696312	-0.0408671029634	3.67550511382	-0.0593093296277
2.5271919326	-0.0452590846751	3.73455111665	-0.130810553202
2.54809939961	-0.0522580630052	3.7758943013	-0.126988465363
2.55434439105	-0.0542907994217	3.78561569563	-0.141543954118
2.56842780586	-0.0586930499174	3.77849977399	-0.135632285014
2.5800966229	-0.0620928431734	3.79885435925	-0.134805034037
2.58815508957	-0.0643126227803	3.80008961825	-0.14094180933
2.60237929738	-0.0680725142521	3.80415990051	-0.136040261042
2.61289955418	-0.0706528582574	3.80382097431	-0.135636089783
2.62694194879	-0.0739059610263	3.81513139312	-0.132459365107
2.63506580013	-0.0756831891132	3.79976009297	-0.129648972254
2.6517321461	-0.0791135153628	3.79477432249	-0.124283826605
2.66826888334	-0.0823218958564	3.8351072929	-0.119335424483
2.67686989215	-0.0838880657387	3.84695941875	-0.123386367143
2.693772201	-0.086753761776	3.90513823631	-0.110905586708
2.70439974121	-0.0883492532257	3.96376295845	-0.104125506688
2.72083871884	-0.0905770877045	4.01438383304	-0.10743027461
2.7368030011	-0.0924804957336	4.01871452101	-0.102488928747
2.75028773248	-0.0939208118148	4.03163946743	-0.107380557391
2.76046946364	-0.094964012073	4.02200075674	-0.114624166253
2.77120873687	-0.0960031487864	4.03711476245	-0.123077830279
2.78578154959	-0.0972659560578	4.04977442343	-0.114482050044
2.8015587123	-0.0984519781715	4.03040382613	-0.114160781914
2.80993848232	-0.0990526475558	4.0398294632	-0.116160016954
2.82687488844	-0.100167939625	4.04220152568	-0.116342985857
2.8385824898	-0.100853455735	4.08135261418	-0.026905942862
2.85919237262	-0.101980433087	4.13208946247	0.0610946603252
2.88236829271	-0.103022205798	4.13199072313	0.0742332680247
2.89425725837	-0.103492050821	4.13756209481	0.0701442532444
2.9133101368	-0.104101654125	4.10950751137	-0.00854659308795
2.92704060012	-0.104307590319	4.14596821769	0.0819268749442
2.94960005681	-0.10440059166	4.14592254073	0.0918526858171
2.9590248119	-0.10438085247	4.14850460764	0.07710132153
2.97957967481	-0.104259620341	4.1520640377	0.0809721654601
2.99957502606	-0.103789416325	4.16384297422	0.0903049894302
3.01278832838	-0.103361243973	4.1620516475	0.0906979508972
3.02616873706	-0.10283306818	4.16336457013	0.0840671553548
3.05074736148	-0.10165893278	4.18148359217	0.0902466148547
3.06479609624	-0.100829675016	4.1871336263	0.0791969617214
3.08504633997	-0.0994174452852	4.21697953127	0.0850045431841
3.09448470637	-0.0986762872259	4.25418431432	0.0823999970777
3.10740158438	-0.0975675904342	4.32067580913	0.088876125026
3.10859033505	-0.0974548017375	4.37181651811	0.0843696759979
3.11529907082	-0.096826695313	4.43409523275	0.0879577374623
3.12353528708	-0.0960441064752	4.4494324281	0.095754115862
3.13083193029	-0.095293828102	4.44327635688	0.100238099895
3.14512529532	-0.0937952170958	4.45321796539	0.0942556912636
3.16055124506	-0.0920612346187	4.48624957521	0.102017971513
3.17105080716	-0.0907901831533	4.45212128506	0.00829585464855
3.18695633511	-0.0887574555653	4.48569763694	0.0187627519334
3.2006521989	-0.0869295566034	4.4848963056	0.108137020416
3.19896195141	-0.0871596868443	4.51602453978	0.106110272549
3.21172998837	-0.085471926202	4.50623946188	0.0795581985335
3.23280586334	-0.0825314312328	4.52827641526	0.0942105205372
3.24246828296	-0.0811132240506	4.54023134754	0.0934687188394
3.26376242855	-0.0778931862825	4.5551577378	0.0973017385771
3.27257266209	-0.0765434573813	4.54259471642	0.0889266300486
3.29057008725	-0.0737701278797	4.54450219927	0.0852074269778
3.3022379914	-0.0719246304088	4.54434225628	0.080767975275
3.32316144372	-0.068542451148	4.55168071483	0.0838572299261
3.33801027153	-0.0660652165685	4.56020224741	0.0886572636899
3.34637848233	-0.0646528440987	4.5662040069	0.0952668500889
3.36554334844	-0.0613548844093	4.5825188847	0.104196339037
3.37369124111	-0.0599196573393	4.62607549753	0.113526319224
3.38956630655	-0.0571190718752	4.6916528656	0.132242579335
3.40572984941	-0.054235597002	4.74109743435	0.140423317643
3.41361960158	-0.0528103194015	4.73244362569	0.141163471145
3.42926750017	-0.0499511134891	4.73305765495	0.148719403453
3.43916430085	-0.0481216946372	4.74249613072	0.160201221817
3.45660467927	-0.0448709167111	4.75468392201	0.164688763659
3.46632757363	-0.0430394681807	4.7690728932	0.173727641149
3.48162071925	-0.0401387769193	4.77098270404	0.17500473254
3.49485884651	-0.037617151681	4.77462818107	0.17744331967
3.50336208483	-0.035991995813	4.7732605568	0.176057296723
3.52128221657	-0.0325245982071	4.78488281516	0.180916386684
3.54070180324	-0.0287252761598	4.80505790745	0.183018297006
3.55345980501	-0.0261921810889	4.84237939506	0.180227157451
3.57261939702	-0.0223968331931	4.85090893171	0.184067912956
3.5827003099	-0.0203952728257	4.86721193904	0.18815817706
3.60603048369	-0.015707417024	4.93808002705	0.195416506026
3.61581243623	-0.0137332526629	5.01854139544	0.223084012931
3.63867501451	-0.00909974180603	5.08794447545	0.255908235702
3.64828839717	-0.00715261196312	5.14556957997	0.287539042355
3.67018944458	-0.00271286584382	5.1497511019	0.295358833188
3.67929867372	-0.000854604693511	5.14210542378	0.301954638218
3.69776784443	0.00291306235202	5.15460058329	0.312296549962
3.71661510854	0.00674750561645	5.14905213744	0.315622739416
3.72643817163	0.00873353559418	5.21449372783	0.27066273877
3.73948096336	0.0113648056356	5.30195852956	0.309979711631
3.75457455337	0.0143972809955	5.28391864681	0.34139284807
3.7708143034	0.0177847785381	5.19532668607	0.354705944233
3.78020241204	0.0197682977915	5.19694027654	0.353688113582
3.80054102487	0.0239725905583	5.21722426168	0.360146564666
3.82147516644	0.0282449973295	5.2184845969	0.380137860381
3.83225658078	0.0304404605388	5.21845930516	0.404125441681
3.85341343769	0.0346873121903	5.2700602136	0.438353878083
3.86742921957	0.03745493168	5.31451895386	0.514983361014
3.86755526576	0.0374769834472	5.36356297451	0.564663923845
3.87304227226	0.0385273230455	5.38638624915	0.589614562094
3.88510145317	0.0408565135976	5.42685893756	0.58408207985
3.88430658243	0.0406992691186	5.40333605824	0.583753547641
3.9059033003	0.0449203495321	5.40695841053	0.586847003546
3.91410471364	0.0465338628594	5.40472944119	0.601119149571
3.92834238829	0.0492774185012	5.37120746576	0.584769056388
3.92922321414	0.0494392392131	5.37403405822	0.586621584171
3.95051586342	0.0534342426071	5.46875490195	0.529076382736
3.95872368773	0.0550148204393	5.46574854462	0.53562617897
3.98320035939	0.0596154278978	5.40025345622	0.592344181841
3.9950220927	0.0618235343422	5.3680389518	0.584176177037
4.016813603	0.0659347655418	5.3915172384	0.585085580545
4.02938665277	0.0683011281976	5.4379780344	0.512653161007
4.04927537008	0.0719138866572	5.49383355708	0.420861457092
4.08907057136	0.0787951213004	5.49336009192	0.414561068079
4.10256772008	0.081081065522	5.51070730747	0.423715341659
4.11616320333	0.0832954115965	5.48612952283	0.418523265184
4.13044560621	0.0855354643746	5.48454625022	0.420886684352
4.13204888898	0.0857713814254	5.5062093205	0.421710078743
4.13196448382	0.0857591131763	5.52291212949	0.436486443537
4.1478277831	0.0880987950157	5.48018428914	0.54614152138
4.15828832764	0.0896587322083	5.49988288027	0.56634662725
4.17225462205	0.091707935939	5.48985384719	0.553107157846
4.17457708446	0.0920360730041	5.57922806379	0.534748187697
4.18036287545	0.0928481831683	5.63255811954	0.535337968846
4.19257178661	0.0945336303956	5.65906159809	0.549368583006
4.2100160283	0.0969646114504	5.6391691538	0.542593630048
4.22408732844	0.0988802999134	5.64015820269	0.543913959769
4.23692011579	0.100393239387	5.61982134654	0.540315117346
4.25103365615	0.10196808779	5.66016569408	0.548226784509
4.26336599732	0.103354167697	5.57567771738	0.600460990621
4.28280144658	0.105683300805	5.698645204	0.588710158394
4.31509454793	0.109675391586	5.6715066146	0.58474704884
4.33767064837	0.112318705519	5.68096186017	0.590719775683
4.35321084007	0.11417836501	5.67706972937	0.601451024535
4.36692353951	0.115875436067	5.67793470925	0.608993500214
4.38038776828	0.117496202226	5.67420009367	0.610387403797
4.40439987939	0.120343207097	5.69047545175	0.621675994173
4.41519968743	0.121617626116	5.67157491264	0.618848049749
4.4304503373	0.123383759998	5.66133390203	0.616302208248
4.43710293793	0.124139847783	5.69471864842	0.622513137882
4.46839964141	0.127844858782	5.6637522217	0.660189525711
4.48512732276	0.129831051186	5.55376761096	0.706499635448
4.50032795507	0.131657169378	5.56930622113	0.730735567321
4.51666925821	0.133641761928	5.56869141567	0.754884616935
4.5164153275	0.133610268197	5.5828253284	0.805704020192
4.52563722697	0.134788281504	5.4888869484	0.786879092663
4.52483448736	0.134678034374	5.4944507902	0.796867597177
4.54616964811	0.137614073045	5.49884151515	0.788562300291
4.5579095473	0.139266338326	5.54942790466	0.836709915661
4.57184299073	0.141244624551	5.50410072739	0.800486874111
4.59648548611	0.144852972386	5.5409934414	0.83069913478
4.60686009411	0.14641087333	5.50986204348	0.81844636156
4.62747241684	0.149575935166	5.62843315817	0.86001121514
4.64786343829	0.152776482144	5.64313047632	0.879461687486
4.65843138939	0.154478653864	5.55072901089	0.869693963413
4.6725002175	0.156960525081	5.56365511239	0.925692039953
4.68944009504	0.160103552247	5.58940994022	0.989330825434
4.70243073626	0.162556871665	5.5970181202	1.01213435471
4.70825464973	0.163661795847	5.59770317214	1.02458511288
4.72070438612	0.165991700682	5.59958312295	1.02336842139
4.73247696238	0.168230256379	5.58755190271	1.01489827788
4.73230948398	0.168197853523	5.58025259259	1.01867150941
4.75316538576	0.172206881438	5.58648559966	1.02012577333
4.76367120017	0.174257914263	5.58324570629	1.01538573832
4.76300157374	0.174126827013	5.58713378951	1.04702772787
4.76454997858	0.174430505774	5.57605183791	1.03139705132
4.77768992835	0.177010570064	5.58106699279	1.02612640641
4.78237134731	0.177958161909	5.5843584156	1.03238531113
4.79219544895	0.179939048271	5.57791350487	1.03535423342
4.81154279502	0.183882366651	5.58614060036	1.04533825045
4.81517772586	0.184625957759	5.57269001978	1.03822254777
4.81684774086	0.184973716705	5.5711914228	1.03130590692
4.82548784447	0.186784081482	5.64931458919	0.971661634166
4.84101037253	0.190059435693	5.66126775777	0.979320304427
4.85110817712	0.192191058479	5.75893926733	0.954793711396
4.8551525669	0.19305992747	5.74518482	0.927293935108
4.87563782985	0.19779088904	5.74580735484	0.931718391611
4.89314611532	0.201954743338	5.75498863895	0.955170533101
4.90689304875	0.205343592363	5.75512600952	0.95798284363
4.91971767674	0.208553650316	5.74849072246	0.938547379237
4.93319142927	0.211979940114	5.7358852275	0.925204347475
4.95021989916	0.216478855762	5.74685109821	0.949559465832
4.96651421524	0.220916613619	5.66656166598	0.998034789672
4.97489719482	0.223242995317	5.69170406349	1.06228743073
4.99516029838	0.229007469084	5.68843821516	1.08595911827
5.00799709948	0.232818751775	5.60998764155	1.05376061332
5.02943215934	0.239712803713	5.69874371946	1.13953693057
5.04569457836	0.245402135741	5.79491013649	1.1614207363
5.05548811223	0.248918373694	5.80793598071	1.18501931767
5.07072442711	0.254683271984	5.69605364325	1.2140222817
5.08165816407	0.259041351828	5.69856688414	1.23217171322
5.10152476205	0.267132063183	5.71455162038	1.28021311925
5.12078958026	0.275443748334	5.71201143936	1.29959635529
5.13731593837	0.283090065478	5.70039506982	1.30111793542
5.15065649831	0.289591688772	5.70232397676	1.3182250653
5.16405144978	0.296460895095	5.70262290546	1.35312995808
5.18328471656	0.306974780681	5.69202347953	1.39600631014
5.2021432806	0.318063024102	5.68565897524	1.45975320977
5.2148742434	0.326016896082	5.67442715532	1.47586911996
5.22439876331	0.332178584343	5.68666642514	1.48038895894
5.2461896745	0.347075304706	5.68071909107	1.49082629759
5.2582010305	0.355863640124	5.68086708144	1.49170695663
5.27023602819	0.365047925608	5.69125041812	1.50481905337
5.29078658359	0.381614326403	5.68230594119	1.51489757187
5.29935530873	0.388917204261	5.68259999734	1.50788478478
5.31636221453	0.404125369446	5.68138722152	1.536751172
5.33285163324	0.419831566275	5.59229069764	1.57670077059
5.34093535591	0.427850647805	5.60326684363	1.62264448164
5.35522391336	0.442744563718	5.59284949283	1.63551112278
5.3630088395	0.451228487285	5.59306477105	1.63031548782
5.37383576823	0.463171563245	5.58637897547	1.64090727046
5.38068303374	0.470893241064	5.58145368605	1.64412526123
5.38771527713	0.478963318504	5.58220526527	1.6342525663
5.39954373176	0.492752158743	5.58089608342	1.64322271128
5.40467623557	0.498855846429	5.57855096926	1.63947347656
5.41418406574	0.51036188188	5.57574412677	1.6467406851
5.42319225631	0.521505183583	5.57331414382	1.65091513417
5.42768473642	0.527140881162	5.57789675385	1.65818836658
5.43765308873	0.539809372317	5.57330482422	1.68451599606
5.44335541849	0.547205947111	5.57463037303	1.67813504195
5.44891091048	0.554553623128	5.57129536388	1.69345961073
5.45765282315	0.566387723666	5.57229297645	1.69722644831
5.46681250656	0.579078496569	5.57772911821	1.70097645536
5.47198325842	0.586338338732	5.58375047334	1.70234802774
5.4822100294	0.600938970791	5.59043978083	1.72192199147
5.49250031056	0.615962514763	5.59585084224	1.73655104248
5.50093884998	0.628634404648	5.59825538057	1.74797945719
5.50739381503	0.638679896766	5.6074770045	1.77064695123
5.51635602126	0.653493200514	5.60989690456	1.78043278089
5.52064659217	0.661012322462	5.62487169778	1.82898907546
5.53045987129	0.679363192365	5.60820254142	1.89463140546
5.53424729907	0.686910054018	5.61719441152	1.93166986117
5.54169211338	0.70254152933	5.60854962639	1.94911542296
5.54638711452	0.713148248382	5.59655356833	1.96134938116
5.55368175306	0.731081739634	5.58640864094	1.94188636986
5.55744412894	0.741193915329	5.57992586578	1.97378214795
5.56100027869	0.751425612663	5.57772110191	1.98380043696
5.56619243534	0.767405427697	5.65261944417	2.03310681493
5.57170833876	0.786230584456	5.56619094622	1.99684738726
5.57501588668	0.798412786186	5.62860993492	2.0902375077
5.58143561526	0.823841926069	5.70290248392	2.18448085843
5.5852110924	0.839820499596	5.62332936264	2.13380645183
5.58791068626	0.852064294512	5.69869127646	2.18511126609
5.59147482146	0.8688770175	5.61860399243	2.13170363191
5.59535061276	0.887498029497	5.60852267547	2.16262876278
5.59880520749	0.904202980342	5.5164759653	2.16919005044
5.59986974437	0.909556866977	5.5056258972	2.21236727231
5.60218373069	0.921227908633	5.49413394687	2.24821280692
5.60215299555	0.921060116165	5.49124815057	2.23979644156
5.60473068318	0.93537213711	5.48698296745	2.25091352339
5.60568062014	0.940877414077	5.47592659448	2.25297062229
5.60879577027	0.959078424001	5.48434368071	2.24920505942
5.61015987043	0.967152037669	5.48217146137	2.24394450333
5.612993264	0.984405811645	5.47872296124	2.26166472113
5.61413796631	0.991305450085	5.47497845216	2.24230658995
5.61444308666	0.993113669902	5.4754665004	2.25280155419
5.6145242969	0.9935756934	5.47516693061	2.26609542377
5.6145242969	0.9935756934	5.47672168096	2.25927539426
5.61449521786	0.99340760606	5.47275179671	2.25829302277
5.61449521786	0.99340760606	5.48026642185	2.26154904173
5.61449521786	0.99340760606	5.4765590553	2.26760220679
5.61463341303	0.994206009096	5.48380203329	2.25212338576
5.61530121912	0.998072193982	5.47904225093	2.2614135281
5.61677218288	1.0065601791	5.47632259685	2.27297225359
5.61663352566	1.00576185606	5.47387959155	2.28202166114
5.61678857741	1.00664389862	5.49024281404	2.24299719302
5.61898719736	1.01937722958	5.47806343303	2.24934799135
5.61966430845	1.02328508422	5.47800731522	2.2458142726
5.62136698422	1.03277148571	5.49069542017	2.25604391277
5.62289202565	1.04116324666	5.48618878846	2.27425961684
5.62511698899	1.05341550391	5.48636784626	2.25536724772
5.62657784713	1.06142881901	5.48674422104	2.24997960351
5.62652231911	1.06113550653	5.48818573138	2.24189274651
5.62891800108	1.07361617689	5.48953226115	2.24930043378
5.63009567626	1.07977352026	5.48585758348	2.24803206678
5.63157580803	1.08730575263	5.48227224327	2.25355437524
5.63315227628	1.09516667839	5.48588118102	2.25226827417
5.63553964853	1.10673586147	5.48817721006	2.24899251165
5.63791671049	1.11782784173	5.49561099467	2.24081322152
5.63913506199	1.12341102442	5.48505406474	2.27306313698
5.64071778767	1.130573348	5.49345066869	2.23459962948
5.6414337506	1.13373437984	5.49907514418	2.24293901566
5.64307554323	1.14105831966	5.47953804765	2.26081699299
5.64425423543	1.14630084535	5.48508673703	2.2477547899
5.64657923841	1.15644340634	5.5696949691	2.27749662114
5.64974575007	1.16998059985	5.56775023083	2.29919402444
5.65162243724	1.17799447818	5.4912436748	2.26459315792
5.65248878945	1.18186478756	5.50121135393	2.26584784135
5.65399701204	1.18851938017	5.5115593758	2.25671906715
5.65653422353	1.19996929754	5.50928860279	2.27889135425
5.6580682735	1.20679293588	5.51486564984	2.28018483462
5.65800199118	1.20650186506	5.51582057022	2.29103334993
5.66016353217	1.21598185694	5.54009747038	2.29401334203
5.6632716518	1.23044937001	5.53453245893	2.31632741026
5.66472246226	1.23837779923	5.54398150896	2.31973395567
5.66650118206	1.24975378585	5.61978567435	2.35805343917
5.66730636196	1.25549748541	5.62194227015	2.35456819131
5.66965429944	1.27501627113	5.61650231963	2.37094358797
5.67166564266	1.2947872311	5.61294286833	2.3647430546
5.67333086904	1.31210689476	5.61707639707	2.35797047854
5.67628092465	1.34814952907	5.67985622432	2.4104186156
5.67724686867	1.36231774071	5.67655418828	2.41643536239
5.67791287814	1.37338563494	5.67105570852	2.40458121428
5.67858335628	1.38513680715	5.66528633892	2.40375260183
5.67858335628	1.38513680715	5.65311847283	2.4330714576
5.67863416613	1.38586000738	5.64190715318	2.4371992387
5.67863416613	1.38586000738	5.59085344428	2.51524221096
5.67862827585	1.38577491893	5.46286897435	2.55938262816
5.67906092918	1.39190068949	5.44554745613	2.59963519174
5.67997601474	1.40508924271	5.43602521749	2.59594638474
5.68006554338	1.40653644158	5.43446138551	2.63040295802
5.68006304391	1.40649386885	5.43598912049	2.60817665995
5.68003478455	1.40602561434	5.43755648377	2.60803879063
5.68003478455	1.40602561434	5.4222602239	2.63032004722
5.68004510931	1.40619588577	5.48157886957	2.67290054562
5.68004510931	1.40619588577	5.47769008445	2.67594180656
5.68004510931	1.40619588577	5.46684560755	2.7001743508
5.68085019632	1.41939161702	5.47569959115	2.68946502118
5.68228737943	1.44246104264	5.48261528451	2.6781419634
5.68270436113	1.44901528261	5.48064777935	2.68387163328
5.68400380478	1.47051227879	5.48760639576	2.70267863987
5.68479674282	1.48319603754	5.48034085636	2.70559773174
5.68535169879	1.49234812702	5.47458161643	2.68734944007
5.68572801467	1.49834941147	5.48945135441	2.68913477735
5.6857486826	1.49864721745	5.48752752689	2.69517756731
5.6857777627	1.49907268542	5.48547852914	2.68448259177
5.68570605259	1.49809445183	5.47891819787	2.70024387923
5.68568045735	1.49775424453	5.46216331509	2.72805939706
5.6857555378	1.49868944852	5.46816435888	2.71338577672
5.68581141009	1.49941227511	5.44409856231	2.72994114745
5.68576849546	1.49877402594	5.43698162284	2.72967529202
5.68576566914	1.49873147365	5.4098128428	2.75171929802
5.68577110638	1.49881659225	5.30374605091	2.7168876456
5.68577110638	1.49881659225	5.27247417439	2.74463200839
5.68583644246	1.4998380098	5.25290070888	2.77198080873
5.68683541316	1.51520078631	5.24611755529	2.77543263709
5.68883146618	1.55190666648	5.235786952	2.79055573271
5.68923545056	1.56302995031	5.23561437232	2.80010095942
5.68978858665	1.58387642017	5.22967872721	2.80265733909
5.68996224348	1.59752188244	5.21271724787	2.83123935482
5.68993270923	1.61765071519	5.20195409415	2.82358242811
5.68978511498	1.63249073506	5.09371004491	2.79521793092
5.68944017601	1.64417064564	5.0543262638	2.8347727374
5.68898695368	1.65815119254	5.06997770005	2.80934464836
5.68859475913	1.66987227609	5.08025261195	2.79102817253
5.68821534687	1.68287378434	5.06238066612	2.80557924349
5.68821309186	1.6829590466	5.04838678313	2.81888797356
5.68800582265	1.69007790588	5.03887908368	2.83051863438
5.6873969003	1.70900295472	5.07871077445	2.89151688689
5.68703887154	1.72102379843	5.03280770474	2.82902026693
5.68647118749	1.74071809055	5.04924553522	2.91460195502
5.68613773344	1.75175838142	5.04326865668	2.92421813519
5.68507266401	1.77928689642	5.03900578445	2.92615787911
5.68434028001	1.79329830789	5.02520907295	2.94767745465
5.68326426867	1.80989522455	5.08255993409	3.02440142998
5.68250823729	1.81963186057	5.04655252216	2.91945379706
5.68070035702	1.84104925579	5.03486222776	2.93252735401
5.67927853572	1.8559931148	5.03537687438	2.93978556309
5.67692304176	1.87774306877	5.02248365489	2.94829417434
5.67412664436	1.89901061662	4.99547180489	2.96273114929
5.67202617158	1.91275350743	4.91152834105	2.91279020461
5.66782992043	1.93743219675	4.86825886519	2.92169591333
5.66639932079	1.94510417425	4.86199952145	2.89986117467
5.66637554501	1.94522988374	4.85811670116	2.8958507551
5.66423880058	1.95658771346	4.84496153124	2.90277291152
5.66243976649	1.96609973218	4.86954764369	2.87847634488
5.66144003159	1.97142271052	4.83859360177	2.90032507251
5.65835431017	1.98793948138	4.85169165456	2.88009793613
5.6558057051	2.00143292436	4.84196021573	2.88741600832
5.65563243189	2.00235499809	4.87049178361	2.98462362812
5.65392199248	2.01136294487	4.85419984143	2.98408947906
5.65177771555	2.0227193479	4.8586764022	2.99080677574
5.65207550591	2.02116979553	4.85265812367	2.9802898777
5.65177715288	2.02267578374	4.84606763823	2.99390635114
5.65174317304	2.02284294932	4.84871975231	2.98489138527
5.65193041225	2.02192360986	4.85871739146	2.98575183525
5.65195576583	2.02179820905	4.8522074435	2.99634290423
5.65195576583	2.02179820905	4.84624331111	2.99480297983
5.64989175319	2.0319535714	4.84454950934	3.00128921554
5.64779349809	2.0422760461	4.85778127824	3.00817935861
5.64334787188	2.06317399642	4.85429668485	3.00938901012
5.63949446842	2.08040364838	4.82527515194	3.03617141529
5.63601581066	2.09487455682	4.83175984007	3.02543246375
5.63081598911	2.11480523682	4.83097978227	3.03733112294
5.62808595534	2.12466947406	4.85492115143	3.02379850582
5.62243498536	2.14372177556	4.84503741502	3.02194386146
5.61940839851	2.15349909793	4.83960519509	2.93859673578
5.61206000627	2.17613174957	4.83075227314	3.03303515544
5.60778094836	2.18832436038	4.81502055616	3.03162517492
5.60048031262	2.20885717023	4.81827574673	3.13731913237
5.5959374358	2.2213631695	4.82937375728	3.14251286239
5.58824668848	2.24106756526	4.82247212459	3.12507625894
5.58363679084	2.25268139863	4.82329709667	3.11123810234
5.57664422663	2.2700940281	4.80962612585	3.10871852724
5.57315628764	2.27861968661	4.80151270925	3.10034139632
5.56597879563	2.29577205451	4.78496875437	3.09214878142
5.56244790907	2.30400229461	4.74479085195	3.09600204595
5.55772037981	2.31482797816	4.73828246429	3.05787137028
5.5527355575	2.32614622212	4.62926415166	2.97793264715
5.54865751451	2.33520731505	4.60368596943	2.97070262224
5.53915286704	2.35576096704	4.57002362539	2.97433905969
5.53473528112	2.36499358289	4.57410888119	2.97557868844
5.52358549961	2.38726234886	4.56741071034	2.97548616596
5.51835313141	2.39708645033	4.57429457218	2.97914429887
5.50794073889	2.41574275713	4.55985314016	2.99172610334
5.50076284832	2.42794640785	4.56643285392	2.98953346978
5.48801220246	2.44823909088	4.54469696625	2.99246295762
5.47819274364	2.46306531743	4.55803452288	2.98349374735
5.47209550718	2.47196677355	4.54212638177	2.99205977449
5.4594232798	2.48974750038	4.50684668787	2.99997334187
5.450573316	2.50160735005	4.48698230335	3.0043035371
5.43761279892	2.51826974081	4.42576431128	3.01989854591
5.42377952053	2.53532817133	4.45847142925	3.00242873159
5.41672575861	2.54371666189	4.45711115897	2.99996785762
5.40217417591	2.56039350286	4.44828232729	2.99586054462
5.39225975508	2.57126381889	4.428017506	3.00228375443
5.37727571431	2.58696879104	4.37669770914	3.01117584899
5.36674713795	2.59754858765	4.35522711313	3.01066379562
5.36686602587	2.59742612208	4.30525414932	2.99310022867
5.3659951444	2.59824307653	4.33211049356	2.92274729548
5.36331725092	2.6007490457	4.32689785375	2.92171812668
5.35569425966	2.60789443133	4.28780403713	2.92983632347
5.35001410527	2.61318385198	4.28608949657	2.93214184819
5.33704231065	2.62503427151	4.19631488136	3.00591633895
5.32578718586	2.63496720926	4.19984391533	3.01066146853
5.31587980351	2.64359092686	4.16975980491	3.0090493965
5.30566348403	2.65224774475	4.15623757441	3.00347633699
5.30546634276	2.65241086317	4.13144708491	2.98454699388
5.2932539831	2.66246987221	4.14105693874	2.99463817194
5.29484458388	2.66118136937	4.11587830426	2.98162163717
5.29467823696	2.66131477191	4.11782468495	2.98118012082
5.29006691681	2.6650396264	4.11930910389	2.98267073725
5.28154215292	2.67192807554	4.08701720658	2.98646479665
5.27273667583	2.67894363346	4.05603016516	2.98266937877
5.26502158148	2.68506933106	4.04613329201	2.97635748909
5.26450879078	2.6854518606	4.04206504602	2.9723559905
5.26063685044	2.6883918792	4.05306752298	2.895121934
5.24977205079	2.69664956925	4.05876766344	2.89672540931
5.23594931185	2.70700525541	4.04970878511	2.90334391769
5.22891167152	2.71219195564	3.96512218322	2.99884988057
5.20975866595	2.72580383686	3.94616781034	2.98877542976
5.20124728453	2.73164043343	3.93927991652	2.99830252592
5.18524396518	2.74230849856	3.90070041198	3.07705145204
5.17374328426	2.74973361455	3.93857661472	2.99877967774
5.15599838025	2.76084913867	3.9227530541	2.99119923652
5.1457964622	2.76705444113	3.88735587342	2.99340808363
5.12486237945	2.77932489988	3.84838302544	2.9896592283
5.11315188503	2.78590676497	3.83964887815	2.98960700842
5.1006303367	2.79278508301	3.81546288008	2.98524020559
5.08137794812	2.80308533714	3.84902160382	2.9848256622
5.0612972327	2.81336618331	3.82474760131	2.97241129327
5.04844072176	2.81969328347	3.82282497237	2.97580346696
5.02915567932	2.8288895091	3.78857174316	2.97160750246
5.01920320085	2.83347977089	3.78089728195	2.9675907416
4.99591385909	2.84376481341	3.73986798841	2.95896221404
4.98562197074	2.84811439421	3.71851045041	2.96576248883
4.97215243202	2.85359576053	3.74494624271	2.89108818936
4.95012401797	2.86213459118	3.68173340423	2.96903677848
4.93911842856	2.86618595349	3.67102508406	2.97179548769
4.91775316559	2.87368980697	3.67333783984	2.96926664593
4.90768422148	2.87706273721	3.68287456776	2.97713039167
4.88274514406	2.88518110954	3.6701241953	2.97069375895
4.87180430741	2.88863074208	3.69782585121	2.97459031146
4.84634483054	2.89637392733	3.6895283153	2.96387295287
4.83177376633	2.90063716222	3.66408474424	2.9534625762
4.81712345037	2.90477909409	3.64069203669	2.94303884371
4.79109296575	2.91176640127	3.60903153504	2.93327224514
4.77993530007	2.91461045458	3.64511763333	3.0346907795
4.75621630071	2.92030542655	3.64542789894	3.02179071673
4.74781090798	2.92219195751	3.59922721175	2.91306060413
4.73573026995	2.92483948452	3.55593590802	2.8171358985
4.73581368269	2.9248216785	3.54427817516	2.81472772512
4.72525935027	2.92706179906	3.53840194671	2.81460774217
4.71895748277	2.92838629658	3.52993868478	2.92177117188
4.7143670649	2.92935281263	3.54649216225	2.91384097448
4.69491458741	2.93341967322	3.55981269195	2.91798336873
4.6753477806	2.93735288491	3.53719550679	2.81346104427
4.66496376899	2.93936004962	3.53551127579	2.92418605761
4.64579169624	2.94286072772	3.57611401995	2.90793420271
4.63083420528	2.9454617304	3.53165486293	2.81658571126
4.61450682012	2.94814627294	3.51576233988	2.92703764402
4.6099980058	2.94884816822	3.52705809046	2.91573725769
4.5867289458	2.95241347309	3.52624960132	2.81127205609
4.57664170283	2.95387372224	3.51120106707	2.91672432274
4.57309317545	2.95436422746	3.50332050949	2.9197060005
4.55262190822	2.95700231039	3.49011291835	2.91307723536
4.53995381255	2.95845473708	3.49446214741	2.90587238945
4.51874983836	2.96070451471	3.47285371411	2.90894666028
4.49671975354	2.96283843754	3.50594480392	2.81829057041
4.48316331758	2.96397548875	3.49558977547	2.82655709363
4.47780476146	2.96437463868	3.47499373062	2.82637090141
4.46474553068	2.9653050423	3.41894603964	2.92700120888
4.45512937496	2.96595365292	3.3545464418	2.94022902935
4.44112996182	2.96688784929	3.35791963289	2.94420986781
4.43725718106	2.9671370601	3.3269000712	2.94605095288
4.41946876841	2.96829427696	3.28383964707	2.98846658546
4.38991267775	2.96983518156	3.27533061823	2.97479773774
4.36921909345	2.97098953085	3.2452466178	2.98621521126
4.35510535278	2.97211393952	3.24453200399	2.97929642391
4.33775803232	2.97392711191	3.22993969358	2.99215865112
4.32366843378	2.97570125733	3.22631626422	2.98821358329
4.32379572974	2.97568755351	3.22010530321	2.99796468162
4.32274308198	2.9758567031	3.22544112456	2.99818339095
4.32274308198	2.9758567031	3.23050078511	2.99960052613
4.32274308198	2.9758567031	3.22873148656	2.99709169808
4.29140049341	2.98079089601	3.20945050466	3.00032222523
4.27747723064	2.98311445912	3.1944180975	2.99296758043
4.25183613058	2.98774738154	3.18062955566	3.00508687314
4.2414901711	2.98972659368	3.17827716186	2.99993207259
4.23204040838	2.99162181047	3.17456473653	3.00887184256
4.21795212964	2.9946704542	3.16488792718	3.00461827725
4.21832741693	2.99458999958	3.08259968119	2.95523094194
4.19980834392	2.9987359475	3.00481341005	2.96931546558
4.1861481958	3.00174607036	2.99247368474	2.97201395753
4.15256984195	3.00867852919	3.04336794479	2.95299029247
4.13841386006	3.01139505178	3.04827265367	2.95236391939
4.11759417472	3.01513124282	3.00313224499	2.95402572124
4.10741745795	3.01684702515	2.99358887734	2.96073557275
4.0839025198	3.02049445514	2.9823284954	2.94800611891
4.07334947942	3.02201141148	2.99086884923	2.95338657392
4.05213609561	3.02489303289	2.98734082024	2.95092581553
4.03782739756	3.02663408249	2.98932155825	2.94806112305
4.01276621613	3.02930928855	3.00401238452	2.94718865638
3.98456109618	3.03181952658	2.98575971475	2.94756572229
3.9630038718	3.03348561028	2.99484268127	2.85968866864
3.94836644676	3.03446480919	2.99126254557	2.86308118641
3.937168192	3.03509314017	2.97296724448	2.86799317826
3.92417363133	3.03566077061	2.93806033385	2.86663107183
3.91411293826	3.03593374223	2.90894656261	2.86228840742
3.90682120261	3.03603259072	2.7949554993	2.95290943758
3.89965670781	3.036046033	2.80896988614	2.95078031277
3.87820623672	3.03590831385	2.70366108141	2.95485037886
3.84439180063	3.03540528249	2.6621466337	2.86013237146
3.82448213346	3.03491660112	2.64287274276	2.8557967527
3.81817406485	3.03470553127	2.66415772794	2.86910630601
3.80854367197	3.03432304035	2.65918259983	2.8731164352
3.79521279322	3.03364613239	2.65721976078	2.86270437324
3.78806205283	3.03320219731	2.68419766134	2.9431537872
3.77436935849	3.03216532357	2.64581511982	2.9365910557
3.75686719344	3.03062109696	2.61155139094	2.92837618417
3.7457806413	3.02963164854	2.59299472924	2.92742929648
3.72148200502	3.02748219066	2.6277899239	2.85405953122
3.69820892398	3.02535571391	2.61696556053	2.85426522714
3.69069296744	3.02465715661	2.60921612785	2.86397564806
3.6813119161	3.02375079833	2.59403579042	2.86095771751
3.67240111539	3.02285550281	2.56896796432	2.85669328785
3.6651489756	3.02208961246	2.5119722057	2.93210125176
3.64611526136	3.0200002522	2.49821673456	2.93311322495
3.63526826847	3.0187624757	2.45720838751	2.92539696228
3.62132762688	3.01717670224	2.42816502842	2.92666089168
3.61479625247	3.01648889495	2.45934989124	3.02786985601
3.60423517192	3.01538260775	2.3406419769	2.91521049715
3.58527980776	3.01336196135	2.32018530257	2.91936800558
3.56805512775	3.01160267614	2.32244817486	2.81821686183
3.55307436504	3.01011941772	2.32466958545	2.82012727337
3.5407614239	3.00896060842	2.3560008341	2.91747814879
3.53422243621	3.00834940022	2.3315129966	2.9122934954
3.52293165253	3.00725354744	2.24910072095	2.91759380248
3.52322865713	3.00728361133	2.20682864353	2.99462072283
3.50773795018	3.00575643273	2.15924842359	2.99205387083
3.49602572958	3.00458860948	2.13884237611	2.99679566661
3.48952846582	3.00398930761	2.13415047821	3.00086919323
3.47325483076	3.00259484483	2.11778952193	3.01278284647
3.46602550554	3.00205000023	2.12543690725	3.01219902685
3.44977072379	3.00096889677	2.1271482089	3.01935978271
3.44270372229	3.00055275273	2.16593508515	2.9076441944
3.42643595841	2.99968758432	2.12829421968	2.90811169243
3.41501876575	2.999165139	2.04318683564	2.92058870422
3.41241961087	2.9990568577	2.11322476694	3.00745231174
3.40722098906	2.99884799244	2.11947453409	2.90102905482
3.39158368286	2.99819111264	2.09730376128	2.90781753207
3.38029285624	2.99770697302	2.04600686823	2.91515200024
3.36721221658	2.99715370326	2.05958808205	2.91430357966
3.34573801973	2.99624052652	2.10784407965	2.90118265134
3.32920738632	2.99551231668	2.11147673516	2.90216807609
3.32890917845	2.99549861867	2.11396274087	2.90452908609
3.31267860401	2.99474342009	2.04766685795	2.91375560338
3.30411640644	2.99433664163	2.04193704457	2.91636208385
3.2849899488	2.99342723919	2.05615535138	3.00295606058
3.26471297831	2.99247076309	2.10445253416	2.90459328355
3.24814289747	2.99167225928	2.10180589433	2.90307801396
3.23715216256	2.99115971677	2.09857057204	2.91050915871
3.21521608141	2.99007856185	2.04175563151	2.91570338893
3.20090383095	2.9893845451	2.10076124233	2.90383081144
3.18616459021	2.98869137517	2.10542468305	2.90723049924
3.18505715934	2.98863634833	2.1123734425	2.9053702085
3.18471636973	2.9886202771	2.10748010999	2.90062964284
3.18552555966	2.98866219302	2.04595525607	2.91117082807
3.18561074177	2.98866652307	2.07898418428	2.99915832589
3.1706606039	2.98792007012	2.0695851154	2.90977782352
3.16537974187	2.98764333423	2.03530538676	2.9980073939
3.14459364086	2.986621098	2.05039590526	2.91314710346
3.13036472837	2.98597289543	1.98068040476	3.00255376533
3.1195829454	2.98556623912	1.98695598028	3.00824450161
3.10845998771	2.98515337363	2.0468044923	2.91959573664
3.09435127553	2.98470626611	2.05065213727	2.93148123532
3.08348093464	2.98439693377	2.07881852249	2.84525636905
3.07559406748	2.98419282873	2.03333417429	2.93369771783
3.06881503847	2.98404135857	2.02100197611	2.94625433982
3.05666719189	2.98365535257	1.99862868206	2.94349927933
3.05764716162	2.98369711084	1.97854255487	2.94059351861
3.04737716851	2.98329925541	1.94932981226	2.9466312089
3.04256169403	2.98311485198	1.94524543558	2.95594726349
3.04251908115	2.98311317027	1.93927628035	2.95643224891
3.03612688733	2.98286779317	1.92123097003	2.94923829686
3.02099948352	2.98226659778	1.92720654689	2.95259769222
3.01004790608	2.98183627188	1.91006731644	2.9437112529
3.01009052483	2.9818377974	1.93968711218	2.94337430206
3.00808735675	2.9817685751	1.93119542231	2.94561577627
3.00821521379	2.98177312934	1.9195629718	2.94381497494
3.00919552214	2.98180599209	1.91019081494	2.94429251398
3.00919552214	2.98180599209	1.92050076775	2.94580472155
3.00885457001	2.98179384745	1.92662291496	2.94407894621
3.0087267178	2.98178915933	1.92647666749	2.94472177606
3.00893980831	2.98179687618	1.92418822987	2.94575927203
3.00902504687	2.98179989746	1.91688444246	2.94572327559
3.00902504687	2.98179989746	1.92324700181	2.94808644446
3.00902504687	2.98179989746	1.92132846785	2.94616374733
3.00902504687	2.98179989746	1.91939150124	2.94432532771
3.00902504687	2.98179989746	1.91888352459	2.94477643862
3.00902504687	2.98179989746	1.91998891568	2.94208956494
3.00902504687	2.98179989746	1.91076027784	2.93774179394
3.00902504687	2.98179989746	1.89738047336	2.93969233776
3.00284548401	2.98157438315	1.87807450365	2.93545185872
2.99202059458	2.98117934431	1.83897468456	2.93813492605
2.97957655236	2.98071653976	1.79547601792	2.93563733744
2.96742961331	2.98029872707	1.85750794366	2.86569920708
2.95958841571	2.98000053768	1.84899284523	2.87116942789
2.94454488858	2.97943781885	1.8151897698	2.86681078539
2.93674913474	2.97907427126	1.7795930868	2.86376133232
2.92112026219	2.97824224291	1.76165271655	2.86019744246
2.91120081238	2.97765998008	1.70217401558	2.94960950193
2.89430331839	2.97660391262	1.69862124499	2.95154058131
2.88575182971	2.97601341051	1.66896142012	2.9453583577
2.88456049941	2.97593228329	1.63435536388	2.9376232779
2.88439035393	2.97592005726	1.67049394494	3.041465672
2.88439035393	2.97592005726	1.66746447339	3.04085246991
2.87086802951	2.9748908136	1.58481077745	2.92813437798
2.85526147874	2.97371093945	1.56913264568	2.92937881662
2.84105150365	2.97273023403	1.5717704944	2.92288834508
2.81874829119	2.97134010099	1.54562096472	2.91751191299
2.80367921832	2.97042722141	1.49589069011	2.91746277213
2.78950523664	2.96954955795	1.51040379655	2.82955073185
2.78388476572	2.9692347881	1.50786577769	2.82917700697
2.77268463965	2.96863997343	1.49459887432	2.83955069756
2.75484970294	2.96754379526	1.46929508774	2.82849161148
2.73408274774	2.96618684166	1.47456022842	2.83591635197
2.72302232867	2.96540566205	1.46861781235	2.84099452476
2.69814545342	2.96352424782	1.43097336698	2.84132255754
2.68432721449	2.96244965274	1.39562347715	2.84008229054
2.66010059117	2.96045960183	1.31831464939	2.84630217725
2.64569318366	2.9592630585	1.26359548622	2.85833674814
2.63481408516	2.95834951507	1.19105294013	2.95590863377
2.62470227002	2.95747278068	1.17756702487	2.96006876501
2.61013041181	2.95619707894	1.18753498212	2.96901177312
2.60447913684	2.95571349022	1.17031987942	2.96489090035
2.59011946689	2.95445913944	1.14947566793	2.95937363159
2.58221833747	2.9537581522	1.1712178098	2.9557490913
2.55791169618	2.95170138093	1.15785301781	2.96102819207
2.54673286246	2.9507901701	1.17245595419	2.96163105078
2.53206686276	2.94961652636	1.17310225015	2.95817995565
2.52530560203	2.94910318095	1.16337312253	2.96282975221
2.51531186074	2.94835350185	1.16743781988	2.96381350591
2.49746049521	2.94688898911	1.1368172162	2.95002049236
2.48351255649	2.94583244576	1.16450135267	2.95487427763
2.46101099567	2.944213156	1.15985215958	2.95690999486
2.44756692492	2.94328397834	1.16223697728	2.959093217
2.42403198984	2.94177555001	1.13902992958	2.95537910556
2.41355963756	2.9411515434	1.16170673047	2.95711234707
2.39265249414	2.93999347692	1.16105845544	2.95906385384
2.37246233297	2.93900858425	1.14717111605	2.95946513346
2.36159673744	2.9385626792	1.14175723397	2.95919082425
2.34054938716	2.93765003493	1.15422056736	2.95521793978
2.31911700854	2.93675794279	1.14013862072	2.95515509665
2.30807953111	2.93634164245	1.15594160022	2.96192327169
2.28587483498	2.93555633197	1.1672683083	2.9628212967
2.27095585051	2.93509586163	1.1676751975	2.96590095694
2.24499112034	2.93451077893	1.16626803157	2.96661834344
2.2297255776	2.93428031836	1.16183807285	2.9680114185
2.21480022322	2.93412979833	1.17106305212	2.97006578282
2.19270980406	2.9340354793	1.16614063083	2.97090961428
2.17791163105	2.93404586247	1.16851532882	2.97116209987
2.15526688142	2.93415855848	1.16903123428	2.97421094697
2.13240960591	2.93437206174	1.16100889885	2.9769358339
2.12102377876	2.93449527306	1.16824203746	2.97739279115
2.09876419073	2.93476549694	1.16852956886	2.97864853004
2.08362644378	2.93498543394	1.16998897589	2.97866260427
2.05782868911	2.93538548661	1.16230757023	2.98020574945
2.04665712728	2.93558048695	1.1656908973	2.97914746531
2.04277702081	2.93565333612	1.17294726125	2.97817129549
2.02874988294	2.93596194061	1.17030327156	2.98165242906
2.01919973512	2.93618179068	1.15300643836	2.98336148212
1.99101979261	2.93689643324	1.15494640811	2.98366105745
1.98142850825	2.93717606958	1.16515335067	2.98213019779
1.96220461414	2.93777946011	1.16163829335	2.98614947601
1.94536841063	2.93832941764	1.15126659142	2.98931004996
1.93722797815	2.9386136878	1.16342154208	2.98919111268
1.91992559431	2.93925569728	1.15725011585	2.99608772951
1.9085900321	2.93968918432	1.16518884213	3.00093664514
1.88983998131	2.94041924631	1.15645334113	3.00557937203
1.88459866126	2.94062769606	1.13467505008	2.9994672097
1.87104905048	2.94119413287	1.14456738792	3.01286723846
1.8566473052	2.94179673914	1.1238846006	3.00470175188
1.85012986566	2.94210751398	1.12029531725	3.0054846609
1.83206841327	2.94296756387	1.12552416332	3.00832861683
1.8177575168	2.94368878136	1.11725209727	3.01968710367
1.8177575168	2.94368878136	1.11087678802	3.01879943724
1.8177575168	2.94368878136	1.10905204773	3.01968119317
1.80562055169	2.94433434832	1.10090824211	3.09618021984
1.79727346404	2.94477335839	1.07861780853	3.10298125249
