0.00497785902786	-0.000294534074767	0.782591711136	0.11540696057
0.00497785902786	-0.000294534074767	0.784284705543	0.116803361713
0.00497785902786	-0.000294534074767	0.784843682693	0.114064695311
0.0222459374585	-0.000645654844567	0.792019330756	0.11366715847
0.0279598179637	-0.000734418148653	0.78548609867	0.113906439006
0.0482154385308	-0.000956851593779	0.78658755673	0.114998784253
0.0601135361313	-0.00101431980213	0.788204372138	0.11550527538
0.0803277145667	-0.00100188233745	0.793505180927	0.117996960768
0.0923535771792	-0.000914009428021	0.791347100329	0.11651226673
0.11473997572	-0.000581154622966	0.80618042182	0.126301999724
0.11473997572	-0.000581154622966	0.833247936571	0.124996203914
0.115890981135	-0.000549406216876	0.851498109788	0.11553878876
0.136950179429	2.92101685306e-05	0.814744070096	0.207840358981
0.150715402081	0.000539186563959	0.826749997111	0.198319742755
0.163025827695	0.00113218280922	0.926426071006	0.111948091821
0.174397506816	0.00171280826388	0.900562627343	0.208421624027
0.180228421894	0.00208068007201	0.887913157789	0.104975090641
0.196694773869	0.00319502195292	0.990600514113	0.111712291275
0.200819710396	0.00350631950322	1.04489521422	0.125150416304
0.219450670657	0.0048432211627	1.03239443149	0.0224529755777
0.229577761009	0.00552118787218	1.05020056088	0.0246469868684
0.249579713958	0.00681290335799	1.06050877136	0.0314586804802
0.268823762758	0.00792250823032	1.07647111158	0.0286559254408
0.29106706824	0.00881110936354	1.16745378812	0.119806957693
0.301127561479	0.00909388165057	1.21194808163	0.117879010691
0.320358462048	0.00938370971915	1.21377558409	0.202970373984
0.334346171701	0.00945703918389	1.21471824707	0.198604121801
0.348802602085	0.00958350370147	1.23869845328	0.188262132845
0.370629385022	0.01014934001	1.27141887644	0.197781476748
0.385365209827	0.0109086801531	1.30052318372	0.196546818461
0.410203644877	0.0127189994745	1.34942804094	0.21102821251
0.420732926197	0.0137143096015	1.41524871215	0.2032528708
0.445996726401	0.016496404384	1.48684677612	0.200916607636
0.460419604151	0.0183552132173	1.55651363139	0.200140844732
0.474986049369	0.0204249796198	1.60612527625	0.196528298149
0.500414225856	0.024530514953	1.65311241728	0.21060403106
0.5112003644	0.0264751348039	1.64991792892	0.209957214866
0.536830157063	0.0314026353228	1.65102456996	0.222491026624
0.54807363505	0.0336799306608	1.6535509263	0.217301682409
0.570341405676	0.0384493119663	1.62056763148	0.135246985724
0.585387100213	0.0419064223262	1.66413910735	0.219831989675
0.611277162511	0.0482400788681	1.66923985093	0.229655679898
0.630003186561	0.0528117715388	1.68644037486	0.225909443239
0.64072783876	0.0554539390689	1.69745391707	0.223584178699
0.663156687007	0.061214217734	1.71061070458	0.219723358148
0.678323324745	0.065247190853	1.74859491846	0.219648428097
0.704131176461	0.0724030362419	1.80299555587	0.231724833666
0.719090881642	0.0767043082589	1.87321809138	0.225657515758
0.741321990309	0.0831862253146	1.94062982538	0.134535741877
0.75634381228	0.0875795958929	1.94566696193	0.0389978986887
0.771402901494	0.0919974506581	1.9532584343	0.0432535075337
0.792378402018	0.0980621451663	1.96132735031	0.0457320909919
0.814605075164	0.10391974309	1.95849930286	0.0397684786917
0.832766719454	0.108097511709	1.98915272718	0.052037958326
0.846626245497	0.110990469727	2.01995048751	0.0583737481594
0.860952723631	0.113722869289	2.02142120504	0.0551649299035
0.881680504409	0.117240147278	2.06740069345	0.0609652592181
0.902446037658	0.120242304728	2.14059687104	0.148010068973
0.916545252529	0.121940489934	2.16128233391	0.237961514629
0.938854893093	0.124276810802	2.16987379532	0.231598449984
0.95269335965	0.12561067945	2.18742910396	0.227482786713
0.967040943606	0.126996277374	2.21910687759	0.220601515145
0.992702872083	0.129669752525	2.22067894988	0.224014343077
1.00699067062	0.131220563991	2.24596819842	0.225122413764
1.0289466359	0.133656221946	2.2895878307	0.235934252251
1.04357380908	0.135242029563	2.39226729977	0.14163819573
1.05396254295	0.136355932842	2.43673072695	0.140320441169
1.07812738771	0.138992350371	2.49265611283	0.146883115028
1.09373060328	0.140675318156	2.47077175068	0.0487161257904
1.12122182049	0.143486986491	2.48368074502	0.0522297337943
1.14125486883	0.145448701335	2.55032352427	0.151181040451
1.15374100615	0.146587226173	2.55008614654	0.160023553431
1.17864674768	0.148643036017	2.50889283135	0.069927860033
1.2070685088	0.150575235943	2.56859111136	0.15705025603
1.21894379533	0.151314042678	2.64572397686	0.233999638716
1.24206574017	0.152581443902	2.64576528509	0.244125493011
1.25373957237	0.153092490366	2.6316804275	0.244773826627
1.27167694558	0.153864619205	2.64844494464	0.232598396549
1.28356389145	0.154383055702	2.57254127969	0.162023094656
1.30307713295	0.155236214262	2.66728714712	0.235302636159
1.31977624861	0.156014633845	2.64362486054	0.248862323243
1.33673159863	0.156791113592	2.64087909246	0.245194496156
1.34653070324	0.157222378845	2.65919095666	0.242503349858
1.36625824352	0.15805501105	2.65234359768	0.232809964438
1.37968129344	0.158584862249	2.65192116056	0.230873409727
1.4040151869	0.159494164605	2.65601884815	0.227390952135
1.41846280841	0.160015064101	2.6698360678	0.221145466261
1.43951620586	0.160776033892	2.6768025519	0.21434095989
1.45341034288	0.161261332115	2.68264405937	0.210687661258
1.47382445976	0.161999270202	2.6857420361	0.207868624044
1.48379654362	0.162375387106	2.69206605145	0.205688922544
1.50659482756	0.163264169406	2.7057491395	0.203031593053
1.51652197397	0.163695862075	2.70618942184	0.203376676181
1.53952170053	0.164853264448	2.72427221854	0.209891661452
1.54936032081	0.165351667451	2.73061394305	0.210598359417
1.57154888899	0.166505875154	2.76136250318	0.2155195202
1.58385401672	0.167200301879	2.77607296384	0.114187424298
1.6036534584	0.168308112367	2.7996380887	0.211884076816
1.62102549366	0.169286777412	2.82145066896	0.214664430867
1.63861590159	0.170173501775	2.85785283541	0.219649475009
1.6481163295	0.170601590621	2.86594127598	0.223500224219
1.66754346522	0.171471269238	2.85221181338	0.219106336332
1.68036823203	0.172019007176	2.8497726971	0.214386378693
1.6908915531	0.172483620855	2.84200407789	0.217486901388
1.70712392028	0.173199441381	2.85024355399	0.218612072061
1.71500550306	0.173553206762	2.84159934866	0.220767369481
1.73200301245	0.17434133171	2.84493692439	0.226067347196
1.73890428351	0.17466075175	2.84846133634	0.229303408027
1.75343097446	0.17533437519	2.85069401003	0.231479813111
1.76531638195	0.175886963381	2.84524377769	0.234413336052
1.77400669568	0.176292973052	2.84142465806	0.235535490135
1.78299491019	0.176719208585	2.85107477995	0.237577995174
1.79705271247	0.177377195073	2.87464062472	0.142325243219
1.81430496075	0.178195529545	2.9112268407	0.144655488484
1.83142878376	0.179021041339	3.00277872998	0.0636983235334
1.8533259967	0.180021005863	3.02002393183	0.0597439737904
1.86312723054	0.180399974462	3.02058784324	0.0564167190008
1.87791929568	0.180823005337	3.03507014938	0.0522221540231
1.88572199621	0.180975214562	3.05279157114	0.0544600437626
1.89894188382	0.18106512643	3.05339750623	0.0423449869217
1.90666078383	0.181042223926	3.04243860851	0.0473437548274
1.9236313542	0.180760562371	3.05607957702	0.0421191794908
1.93283908409	0.1804971126	3.06054924604	0.0423598053857
1.96300319892	0.1791764384	3.08556927094	0.0416208337978
1.97156338453	0.178729316205	3.08739979206	0.050695362375
1.99038230027	0.177655795261	3.09833749463	0.0562242772085
2.00898087421	0.176470652072	3.1196780764	0.052157686668
2.01846835131	0.175815542409	3.15685527826	0.0585172065008
2.03981258186	0.174162234591	3.21657097452	0.061675655739
2.05515286037	0.172862751905	3.30927362002	0.0663063745943
2.06755937483	0.171791951862	3.38796983545	0.0652900158916
2.07184870869	0.171399476789	3.46468861503	0.0748907562988
2.09137842221	0.169549173637	3.4895798661	0.0638089005707
2.09901909965	0.168810633559	3.48267626346	0.0527150051069
2.09906154217	0.168806472035	3.49066522897	0.0582761543751
2.10958707523	0.16777228059	3.45705301906	0.145329000794
2.12737288315	0.166053233983	3.50551930823	0.145663906252
2.13675138495	0.165120441271	3.55197420637	0.241597892069
2.15954892864	0.162946949979	3.61717921131	0.248673516954
2.1723742529	0.161771368323	3.6516177604	0.248378295573
2.18890294987	0.160355031469	3.61997954305	0.242779197349
2.21343812027	0.158480239363	3.56526283144	0.15736655653
2.2214344535	0.157898637669	3.56436155882	0.159730399993
2.24623979075	0.156212301853	3.57927254089	0.162681161825
2.25968823405	0.155348596984	3.6266619324	0.254946124928
2.2738609059	0.15445001462	3.62385199214	0.251615501547
2.28394904539	0.153831036373	3.6138585308	0.254365972349
2.28897243435	0.153532815765	3.63127566185	0.255413653346
2.30110533206	0.152815053339	3.62878195458	0.258478415533
2.30953853302	0.152389790958	3.62369177647	0.262319694731
2.33666718695	0.150975201106	3.6369202322	0.253454618965
2.3478698458	0.150430168715	3.64323675501	0.249346829357
2.36691182365	0.149540532281	3.65242606272	0.248625383628
2.3751778385	0.149192638374	3.65165601378	0.244147121933
2.39482416167	0.14846532854	3.65645026732	0.240909169385
2.40629023332	0.148103786329	3.65421191602	0.2384878248
2.42253267189	0.147673675531	3.65870893767	0.236252897872
2.43007898813	0.147498472335	3.65413246011	0.235085090134
2.44845594593	0.147140770344	3.65881075997	0.232097352404
2.46141877297	0.146939292759	3.66108430752	0.232072517934
2.47156769485	0.146809205177	3.65768744204	0.230146852843
2.47621587824	0.146762410953	3.66435975123	0.22963371963
2.4849577016	0.146658656033	3.66391257907	0.220439807737
2.49868950466	0.146587864882	3.67172463497	0.22624322077
2.50508637971	0.14656776844	3.6696625128	0.226339086616
2.52171828082	0.146525126748	3.67722918424	0.22743161626
2.53148421502	0.14652069808	3.71033071664	0.133051740062
2.53843548963	0.146541322987	3.672478834	0.219429327466
2.56193277604	0.146716964325	3.6867482097	0.21997198843
2.56756180386	0.146770018233	3.70451151806	0.224150441714
2.57732737064	0.146855449458	3.71532307055	0.227351193089
2.57754058544	0.146858009835	3.72766912505	0.134183528783
2.59429917484	0.147066226135	3.72935859302	0.221608434278
2.6031681723	0.147222657913	3.73346537827	0.224955904867
2.6155766526	0.147416558618	3.72893626684	0.227463558108
2.62444576403	0.147565652332	3.72685828438	0.141412847978
2.63787607315	0.14785827836	3.75448205428	0.137062635564
2.64819355122	0.148101423207	3.76525298981	0.0399853958188
2.66622810852	0.148513416899	3.76475455058	0.0437747141149
2.67138727356	0.148615314287	3.75358647161	0.0474843927145
2.67198421196	0.148626575088	3.74675369675	0.0483635352854
2.67808149276	0.148742584295	3.77592366565	0.0513421276043
2.68733347294	0.148944842911	3.78986432901	0.0673053933856
2.70259785414	0.14924237093	3.78296133861	0.0760422310945
2.7128314989	0.149411977407	3.77522076743	0.0820785358105
2.72630589332	0.149629463917	3.81936699985	0.0915022643141
2.7340238858	0.149750015535	3.89604356754	0.10539305362
2.74195535103	0.149854819239	3.97463579789	0.106004032461
2.75095325062	0.149940518175	4.03256103168	0.105822624614
2.76080431588	0.14999666141	4.09022495475	0.10208789694
2.76472773731	0.149986211257	4.12872358849	0.0984649112926
2.77329954336	0.149958024148	4.12892926668	0.10175895711
2.78012290123	0.149947038081	4.1454184611	0.106851864482
2.78886531734	0.149928169743	4.15479260093	0.0923450485903
2.80255469418	0.149918612754	4.15599292825	0.0871255667251
2.81087065455	0.149901195821	4.15140650085	0.0843460987914
2.81082800856	0.14990126281	4.13060536055	0.180200846021
2.81654256094	0.14988714319	4.17197813875	0.181352001185
2.830701015	0.149861136898	4.18715504973	0.0828491542433
2.84200215037	0.149822968561	4.18087947286	0.0852338286418
2.86409266214	0.149746475599	4.18602512948	0.0857945864354
2.87795244528	0.149675669329	4.1767778915	0.0923717042279
2.89577813911	0.149563933676	4.18976300355	0.0946538532261
2.90673760311	0.149452727701	4.20539275669	0.0979940888595
2.92405069528	0.149248738316	4.21490235224	0.101745363666
2.93249378894	0.149130842827	4.25386628249	0.190812992501
2.95488028537	0.148784728349	4.2763046997	0.200542620102
2.9658816074	0.148611905773	4.32113086557	0.19719120122
2.97991037508	0.148388390331	4.38135358493	0.204649518262
2.99218987514	0.148137603755	4.32210667854	0.275672487379
3.01308263481	0.147741325875	4.33639060321	0.2829514443
3.02186632785	0.147584938903	4.34496549026	0.276432594876
3.04280256595	0.1472323071	4.36334770576	0.272712727446
3.06374023444	0.146984821956	4.39124472929	0.279728576873
3.07423108396	0.146944539788	4.48968133177	0.207158534141
3.0941467682	0.146961785529	4.4375324239	0.293001548407
3.10885958284	0.147007248148	4.43124012569	0.297961447534
3.12856189608	0.147086368499	4.47233461382	0.296473254311
3.14135545311	0.14716660498	4.57496746022	0.220579016684
3.16208063286	0.147347545318	4.63087745318	0.137348308881
3.18382837767	0.147621944153	4.642661147	0.140138862804
3.19679163438	0.147793875612	4.62966509135	0.138318054755
3.21048002755	0.147958178945	4.63242232956	0.143881839381
3.22429664378	0.148096678477	4.63378198094	0.145416082847
3.22988318264	0.148128899646	4.64137312351	0.149654017175
3.2404166779	0.148169345563	4.63344052008	0.14904483311
3.25632296884	0.148315534088	4.64733776049	0.155520122235
3.27478809442	0.148465600987	4.68197853484	0.162442217404
3.28472432971	0.148541907296	4.62561001768	0.156235260128
3.30626032293	0.14864701143	4.63590982563	0.159426883698
3.32293476974	0.148715056353	4.64110715568	0.159313397949
3.33108016417	0.148715056353	4.64120097944	0.164948288865
3.33436390832	0.148712190744	4.6144853132	0.168557497125
3.3354727	0.148708707361	4.6211031422	0.167144970033
3.34766942565	0.148679545193	4.68673618134	0.176659231802
3.36076175446	0.148669757469	4.65022707749	0.174673777979
3.37155114395	0.148634015583	4.62408783862	0.268187416764
3.39108278197	0.148535870785	4.64731206186	0.269644968109
3.40515572803	0.148452344376	4.64799761993	0.353442866222
3.41803465801	0.148386763202	4.64666130798	0.352945009052
3.417864074	0.148387001382	4.63229320071	0.350323758454
3.41939933091	0.148385602072	4.61978035039	0.263805405684
3.42528448277	0.148380466307	4.64456553232	0.351513345673
3.4351783626	0.148373559075	4.63844264848	0.35418568996
3.44822804212	0.14838845279	4.6271699268	0.26056001743
3.45539257744	0.148389703238	4.62103423886	0.26289346304
3.47999905301	0.148274171356	4.62606167236	0.260770196691
3.48903998738	0.148252080142	4.65283013939	0.176527855014
3.50622630989	0.148283735785	4.64006711651	0.264598358183
3.52170666982	0.148352197541	4.63587831565	0.267086737137
3.53322103159	0.148392390409	4.65920015414	0.2645362062
3.55782660968	0.148619364387	4.68797592105	0.276632575591
3.57151396541	0.148853029844	4.74703393357	0.295051246418
3.57057598535	0.148832131242	4.75452873427	0.311185146892
3.57189768371	0.14886151428	4.66849068365	0.351435947732
3.57189768371	0.14886151428	4.66819828745	0.350362506727
3.58434737244	0.149132817544	4.74631506179	0.376936633688
3.5918507951	0.149317835223	4.74632377316	0.381744789894
3.60285011452	0.149589683061	4.6986255808	0.362680601695
3.60357489604	0.149606763485	4.69852295141	0.368453911353
3.6047261479	0.149627751973	4.71228805744	0.385310118857
3.6045556016	0.149624157203	4.76999281198	0.414082291906
3.60361760131	0.149604181328	4.89185239946	0.369084256447
3.60962950335	0.149723814448	4.9144966391	0.376828244305
3.62369954985	0.150021056239	4.97899296276	0.303725789745
3.62949697343	0.150189217833	4.97976978106	0.309250729674
3.64330916632	0.150565302786	4.97678536966	0.317205363443
3.64156152221	0.150510991496	4.98939048239	0.316882075838
3.64181735386	0.150515769713	4.98477125023	0.326566843837
3.64181735386	0.150515769713	4.97972502105	0.342748793909
3.64181735386	0.150515769713	4.99016349511	0.354074157637
3.64181735386	0.150515769713	5.01005376965	0.36902544238
3.64181735386	0.150515769713	5.04952601903	0.39113824935
3.65187932461	0.150739886426	5.00861640485	0.488408373266
3.66466983223	0.151030635022	5.0932908211	0.536174864124
3.67831249833	0.15136333985	5.08745271682	0.535332272411
3.67865354978	0.151372270596	4.99838141822	0.578053588306
3.68560218446	0.151564866882	5.11135535674	0.549439964513
3.70401620171	0.15214237409	5.03368204958	0.587049441116
3.7164604035	0.152600857112	5.07266238635	0.602774983712
3.72886145645	0.153071976434	5.05260428338	0.593257938584
3.75672899914	0.154202493308	5.15377674595	0.547701321486
3.7717230613	0.154923887133	5.26260803583	0.503456340179
3.79140082587	0.155910271022	5.29037104315	0.509776827742
3.80447482449	0.156602948329	5.28823780529	0.517863069357
3.81929666954	0.157352896297	5.27421851231	0.514047352918
3.81993571178	0.157381691511	5.26497964761	0.513549478928
3.84072965515	0.15823061366	5.30807247425	0.529829430113
3.84818514791	0.158566557822	5.2955338638	0.528426904042
3.86032730612	0.159105591468	5.2881885457	0.523810742747
3.87370641793	0.159666342395	5.27669619804	0.514909870499
3.89764976884	0.160729805888	5.28493647773	0.534162549096
3.90748974257	0.161200732373	5.26649562883	0.543118340681
3.91089744307	0.161365541175	5.28193990276	0.566627341081
3.91732952761	0.16167557685	5.2745221463	0.582799985142
3.92819024602	0.162227657545	5.24784026416	0.685842406206
3.94556357344	0.163182278737	5.27050589178	0.733710054058
3.95918883031	0.163947582418	5.25344345169	0.739213227951
3.98592271228	0.165545888781	5.26213672519	0.759797661617
3.99673086734	0.166265660371	5.21766173612	0.778136334986
4.01702118291	0.167716827282	5.18652726393	0.767164936596
4.02671608381	0.168459405146	5.18489979944	0.783169929169
4.04779977803	0.170163345571	5.17906265452	0.781272712995
4.06934317778	0.171999479145	5.18382304829	0.776695438579
4.09133434764	0.174092738315	5.18352801892	0.787298437713
4.10579904005	0.175593115984	5.18339414935	0.808150885749
4.12004144904	0.177166241361	5.1779701889	0.839145366657
4.133974607	0.178816141209	5.17146080859	0.872809569844
4.15547291032	0.181491923768	5.17798780336	0.925513867118
4.17746234358	0.184361512759	5.21000526106	0.997383205262
4.19182628796	0.18634066781	5.20804916042	0.999124151619
4.21327264554	0.189404935431	5.23236579636	1.03164096326
4.22765770844	0.191537570935	5.22574989899	1.03373207859
4.24254297452	0.193785541414	5.20919055747	1.00953026526
4.24258512987	0.193791992089	5.21496640134	1.02267298389
4.26437989622	0.197124033023	5.30634474446	0.99582025603
4.27192038717	0.198312933745	5.27702835574	0.986974356008
4.29146485832	0.201406318597	5.32764078999	1.03328737868
4.30569874982	0.203679946992	5.31528348972	1.00672494193
4.3317155785	0.208147011871	5.32000791351	1.04141161074
4.34533984338	0.210691983482	5.24869091625	1.07301891565
4.35106041941	0.211879379007	5.24187153931	1.07571938759
4.36187350946	0.214132443039	5.22310684947	1.04586599002
4.37913708643	0.217831210516	5.22995701426	1.06871165532
4.39279809326	0.220837338222	5.25003140575	1.07409848927
4.41837638432	0.226824279792	5.26035564875	1.08903272946
4.43186312095	0.230199220522	5.22911952854	1.05137680415
4.4450711439	0.233631361317	5.23561080275	1.06158334918
4.44478331226	0.233552187359	5.23543714852	1.07291671421
4.47877974144	0.243096091182	5.25923656044	1.11168349689
4.4916778428	0.246850714842	5.24718766312	1.11963351299
4.5126334241	0.253134100389	5.25189289137	1.13757319653
4.52346761189	0.256496131995	5.26054180959	1.20690744602
4.53704493563	0.260802050793	5.26942542299	1.24793095933
4.53708547829	0.260815278687	5.2578945435	1.26115665591
4.54644476727	0.263889455484	5.26958385185	1.26452193478
4.54571645313	0.26364694229	5.26819471782	1.27902566423
4.55873908231	0.268003483883	5.27174705947	1.27432671706
4.55865799705	0.267977004569	5.35598313606	1.25167889205
4.56766868843	0.27101819371	5.37489069268	1.27542682265
4.57865481813	0.274740816686	5.48053059188	1.27475934021
4.59715023067	0.281150334734	5.4816624813	1.2837836834
4.61123658261	0.286213751484	5.35803005691	1.25027887482
4.62223369527	0.290288254225	5.3487397983	1.24285957506
4.62598384133	0.291704703662	5.34826961693	1.26895141826
4.62661964142	0.291952376062	5.34529861553	1.28799918229
4.63174588861	0.2939489552	5.3447245732	1.28459443953
4.65563342314	0.303355129321	5.36338605904	1.3195933602
4.66914514616	0.308845839864	5.33189851251	1.30450138345
4.67510346594	0.311505164621	5.24959485101	1.28842500438
4.69300360013	0.319531255641	5.26858734108	1.32311339797
4.7010874494	0.323285368582	5.25713433218	1.3112574205
4.71887772635	0.331652814941	5.26813104698	1.31024505134
4.74008915024	0.341862125539	5.26524695764	1.29345379511
4.75341212355	0.348496572689	5.26789306901	1.30491762505
4.77099694217	0.357382572573	5.28028267877	1.31610729919
4.79841181272	0.371585705809	5.28197536204	1.31224460119
4.81752216007	0.381699170143	5.28230740759	1.31134050173
4.83159611538	0.389382975467	5.28973988057	1.32567512657
4.84240859615	0.395386405282	5.39763938918	1.41054684072
4.85333356766	0.401538158237	5.50045267123	1.46710640295
4.87146584976	0.411924929991	5.5096212737	1.46220967985
4.88757033604	0.421554462	5.50185404293	1.47395159859
4.89841299062	0.428264826748	5.39900854214	1.4754047816
4.906982438	0.433623771978	5.40426502886	1.49820907778
4.92822635838	0.447264080385	5.40108269275	1.51079244519
4.9397742201	0.45500508044	5.3999297682	1.51253271296
4.96113014314	0.470007379169	5.29997662733	1.59215567752
4.97175949158	0.477868155513	5.29886656092	1.59471983064
4.97839793266	0.482947299745	5.28153182971	1.59642333365
4.9938455254	0.495107883858	5.28604606147	1.59286994333
5.00193103088	0.501521448193	5.28471992281	1.58733367002
5.00186449438	0.501468085176	5.3621172688	1.58264509703
5.01784868028	0.514324151173	5.37435458319	1.63599782325
5.02504808295	0.520206309879	5.29461987224	1.59132854609
5.04254450888	0.534915127391	5.30539489366	1.65307982039
5.05016085884	0.541559292933	5.29227721846	1.61583058642
5.06584573487	0.555687236885	5.29517850866	1.62680586943
5.07539049056	0.564523464565	5.29886129015	1.63802495396
5.09164603351	0.5799809104	5.29583458387	1.65616960902
5.10309333878	0.591148248418	5.29286382628	1.68246253361
5.10990310535	0.597908278861	5.28706193108	1.68471977115
5.12350208756	0.611749337245	5.27875826224	1.70513187366
5.13619410812	0.625044029259	5.2839631302	1.73520855735
5.14236579677	0.631650786521	5.28867113309	1.80683557663
5.15658768292	0.647192889392	5.28352296926	1.84664628053
5.16444473946	0.655956765659	5.28013299654	1.89998773534
5.17611341581	0.669263221458	5.28120741255	1.93779684427
5.1834879577	0.677882893405	5.2840245774	1.92817017096
5.1941158264	0.690565090562	5.28122551038	1.92891440252
5.19924268196	0.696784463678	5.27913478366	1.92317384385
5.21145315741	0.711919430301	5.27366039002	1.93184584849
5.21655661873	0.718376897548	5.2691480037	1.93669113623
5.22829349743	0.733506035261	5.26617513606	1.93637767503
5.23331851975	0.740078491614	5.26706931841	1.93514129125
5.24476148328	0.755271262371	5.2658753137	1.94271063915
5.24978648641	0.762057209133	5.35745523241	1.97157778692
5.26065212756	0.77698771235	5.27134658286	1.94189059213
5.26940330955	0.78918430624	5.27804543277	1.93706256306
5.28216240013	0.807633444676	5.27517293394	1.95180898687
5.29107260416	0.820913458001	5.27792188576	1.95240077643
5.29635885865	0.828921356963	5.28361969062	1.95063367906
5.30307848957	0.839253060725	5.28694720053	1.96024651323
5.30303251744	0.839181217542	5.279217829	1.9794719682
5.30875370215	0.848278568466	5.28541134599	1.97078059943
5.31248936466	0.85429192236	5.29428771688	1.98049622699
5.31616579029	0.860191459503	5.30008919749	1.98582441269
5.32100995515	0.868275918067	5.28540737127	1.99184200692
5.32556876172	0.875984438992	5.29406435028	1.98964154586
5.33277545475	0.888566117509	5.29260207572	1.99030911512
5.33984622079	0.901419820976	5.29514336829	1.99617697216
5.34418048197	0.909451174251	5.30243994119	1.99322571587
5.34735233755	0.915444296122	5.31142106523	2.00288352054
5.35466769496	0.930094443241	5.29505172662	2.00936754338
5.35857477439	0.938530352163	5.28325246865	2.0177410762
5.36245383469	0.94711983629	5.29016141276	2.07378803718
5.36543187797	0.954102292019	5.27756096172	2.10761298739
5.36818468665	0.960578073494	5.29525584559	2.1431625829
5.37313292838	0.972745071505	5.2858782169	2.20695221303
5.376357558	0.981099929727	5.28529899805	2.23807730604
5.3795993952	0.989949373257	5.27906840028	2.21372026419
5.38467705393	1.00470876768	5.27509086611	2.20169312524
5.38654951983	1.01015297626	5.27148092432	2.18856566662
5.38897101259	1.01716716658	5.26694508358	2.19684276478
5.38898500934	1.01720745027	5.25982951619	2.20456395501
5.39219882988	1.02647458026	5.25505912848	2.19434600834
5.39399993652	1.03167272686	5.2544909335	2.1951919084
5.39858534852	1.04484254502	5.34390131923	2.1893426768
5.40349731747	1.05898242649	5.33524499015	2.21138803025
5.40706736392	1.06934471868	5.34992424218	2.23744450685
5.40964949632	1.07720470583	5.25671166988	2.20659911306
5.41571393632	1.09617462092	5.2647616782	2.20741103641
5.4178122309	1.10302500249	5.26128558686	2.20989066865
5.42292943392	1.11992262144	5.26776871162	2.21553693882
5.42577431026	1.12935413941	5.27131398154	2.2195360033
5.42839596348	1.1380511996	5.27840966945	2.20979224759
5.43282290478	1.15279618827	5.27948219165	2.22461370242
5.43466153296	1.15896767796	5.28220154302	2.22590736816
5.4389756612	1.17352380669	5.28728792946	2.23057152143
5.44145891874	1.18199506741	5.28586898468	2.24950347467
5.44393125313	1.19046952215	5.29337616117	2.26533636767
5.44404474952	1.19088058735	5.27130030042	2.29814557189
5.44414376443	1.19125141013	5.26191529049	2.31563120696
5.44708238607	1.2022521711	5.25691361358	2.34228825993
5.44863171176	1.20801808499	5.25125623128	2.35276029664
5.45025020332	1.21398619507	5.24164537642	2.38653158929
5.45036191605	1.21439776365	5.24661917157	2.36717647864
5.45203574643	1.22061596945	5.24994958323	2.36868368357
5.45374667921	1.22695668249	5.26083459627	2.37009210946
5.45528423482	1.23299016977	5.25294995132	2.38106699638
5.45831143415	1.24480529384	5.25175684911	2.36023170836
5.46051960642	1.25348445072	5.26024893631	2.35850172676
5.46254414194	1.26176978672	5.36544899033	2.34140894166
5.46253470104	1.26172819881	5.38276871125	2.32410838038
5.46713857596	1.28202384378	5.40191323908	2.33274211545
5.46861997307	1.28872814081	5.39636387769	2.3358652593
5.47375833841	1.31274874131	5.39270713355	2.33742583785
5.47592970304	1.32331743986	5.3914151787	2.33094049184
5.48015598976	1.34526041764	5.38949125763	2.34033651272
5.48382168646	1.36643880917	5.37678073102	2.39957969729
5.4858670925	1.37980195626	5.31484547012	2.37187352137
5.4877146225	1.39293551427	5.30744932549	2.34381744382
5.48891402384	1.40198257519	5.33091024507	2.46386536989
5.48904165318	1.40299809149	5.38421251853	2.56118728826
5.49134798372	1.42140518233	5.37491866974	2.58566162012
5.49167685761	1.42420054173	5.37293664207	2.57137055271
5.49393416709	1.44278554353	5.36855422254	2.58887742758
5.4957654417	1.45738401692	5.36690077439	2.58576249709
5.49580316665	1.45768014639	5.35685721741	2.57781943075
5.49592238031	1.45861075462	5.34931293057	2.56737118707
5.49589026621	1.45835690162	5.32777185626	2.59368287299
5.49589026621	1.45835690162	5.31401487762	2.61006069459
5.49589026621	1.45835690162	5.28996287669	2.60394946037
5.49590647832	1.45848380841	5.18781181706	2.59526542782
5.49758895388	1.47181153512	5.17195071806	2.65583801331
5.50024512626	1.49305442248	5.18540419789	2.80521741112
5.50231803833	1.51063055086	5.14077228438	2.69199158242
5.50353161694	1.52208085083	5.1864791339	2.78707195342
5.50565310209	1.54368371662	5.17623401777	2.82595882462
5.50750188898	1.56385597928	5.16352850878	2.85408348025
5.50836469085	1.57379778462	5.1801429583	2.83566440436
5.51054636341	1.59847889808	5.17437728403	2.84812717264
5.51149587631	1.60939772385	5.17285764288	2.84346153405
5.51356254952	1.63455941065	5.17276431983	2.84268548526
5.51439200075	1.64514583141	5.16523249026	2.85459172809
5.51509375029	1.65475824595	5.15076516143	2.83536990204
5.51662381094	1.67611181278	5.14060633024	2.84579731648
5.51703458937	1.68275190173	5.12629545304	2.85764794423
5.51767770128	1.69347944162	5.12293959082	2.85598951452
5.51852818152	1.70774043272	5.12635468536	2.85169800548
5.51913311339	1.7201356758	5.12527428246	2.84138371274
5.51912525622	1.71996527267	5.13349709682	2.82413286327
5.51995796078	1.73781455047	5.13276332757	2.83873628582
5.52066714715	1.75558377165	5.11351515676	2.86563653999
5.52117071858	1.76887979486	5.11764439559	2.85071975286
5.52168058862	1.78345582272	5.10359592903	2.84644282368
5.52168058862	1.78345582272	5.01711810192	2.79699606911
5.52240246647	1.80963053173	4.98292110974	2.84568374975
5.52271645939	1.82660073617	4.91408828791	2.90791135804
5.52288347848	1.83956403101	4.90493201861	2.8952689407
5.5229831932	1.8536794907	4.94272705704	2.78716394053
5.52281119809	1.87969219005	4.94038450103	2.78635644849
5.52252206518	1.89073373053	4.92319624307	2.80659508877
5.52173196347	1.91174331627	4.88179246413	2.92351940194
5.5207898016	1.93227704468	4.89777341847	3.02986231679
5.52024744467	1.9426258313	4.89911150784	3.02267645225
5.51940342762	1.95710083121	4.88038810877	3.02231650349
5.51938767742	1.95731347879	4.86800090698	3.01779843353
5.51853011542	1.9681543401	4.85751173864	3.03380955858
5.51741205719	1.98231138126	4.85439665269	3.04076862953
5.51662972368	1.99174642391	4.85213744832	3.03560609231
5.51492321168	2.01184564729	4.85059476009	3.02980717523
5.51267849343	2.03527877149	4.84110446883	3.03484637028
5.51148292356	2.04630209786	4.83011678188	3.055733468
5.50918433745	2.06612759377	4.85281120746	3.03664226176
5.5075743619	2.07886265779	4.84359016222	3.04366130542
5.50553040386	2.09416447481	4.84365834129	3.01345414049
5.50459696546	2.10040668163	4.7908272459	2.95329022656
5.50315683862	2.11006585857	4.74224739078	2.9904124792
5.50051949166	2.12726438789	4.70529697999	3.01911938644
5.49722156025	2.14785570852	4.72086364157	2.99805074019
5.49441301053	2.16342584434	4.68753208965	3.01238253605
5.49013625054	2.18475042201	4.68170470014	3.10787036308
5.48668503849	2.20040917353	4.67208648125	3.13063400074
5.4844251177	2.20991003784	4.66469903476	3.03314777444
5.47577217195	2.24528664793	4.65013366399	3.07344670272
5.46920049332	2.26966182656	4.62796596914	3.07952861637
5.46522306496	2.28293878958	4.64232982674	3.15537501451
5.46111895906	2.29559555666	4.62638226491	3.16088843821
5.4547120525	2.31431723926	4.63010080605	3.1546840193
5.45039072053	2.32667585293	4.63528949321	3.15056409922
5.4435407694	2.34578461318	4.63162551462	3.14904591547
5.44021650947	2.3547857369	4.61370336025	3.07620908781
5.4331349954	2.37344543503	4.6358691474	3.14990085897
5.42097866797	2.40358008176	4.63059133124	3.15149921748
5.41598020714	2.41517149344	4.62931030544	3.14669117616
5.40756969828	2.43434729623	4.60161519276	3.07505724641
5.40219078568	2.44633040917	4.59950816052	3.06611402302
5.39286530537	2.46673179883	4.56063135907	3.08457594415
5.38643050272	2.4800573312	4.56457725866	2.99516946729
5.379658924	2.49345444281	4.55350095024	3.00935579114
5.37027272144	2.51097014049	4.55579022885	2.99415145266
5.36448950995	2.52131951997	4.56390504423	2.98826708209
5.35163912421	2.5438396911	4.52418739096	2.99867701206
5.34385231892	2.55716984364	4.45750608195	3.08755823102
5.33978074115	2.56407649696	4.41701786585	3.18970653251
5.32853132209	2.58288969022	4.43416992928	3.09376903813
5.32019867029	2.59628907824	4.39236525684	3.09441360274
5.31192398615	2.60942275479	4.37513220192	3.10434888117
5.29939505676	2.62848993637	4.36045705893	3.10484899516
5.29301976011	2.63776951978	4.36181174359	3.10342004012
5.28375309101	2.65069800695	4.3633047874	3.10193662648
5.25488493617	2.68761173953	4.30600331005	3.10694924728
5.24231417952	2.70228049027	4.27774735353	3.10009158079
5.23196289054	2.71390543744	4.25082404622	3.10554685268
5.22134648463	2.72546297574	4.29657239567	3.02923864395
5.2063923121	2.74107843172	4.18620066995	3.1061598794
5.19898724926	2.74844923273	4.11071780998	3.1936792049
5.18341123488	2.76350641851	4.12973292692	3.1886539706
5.17399307829	2.7722282241	4.14626634013	3.10168527961
5.16921313582	2.77660669989	4.18010075231	3.00468649238
5.16309145155	2.78210842305	4.09563210063	3.08977057787
5.15393001094	2.7902886138	4.05521482777	3.09349226956
5.14621941078	2.79708403089	4.03263729099	3.10351985064
5.13819690257	2.80404095741	4.01935936191	3.09478146931
5.12218792873	2.81773536887	4.02526606408	3.09362126956
5.11522540717	2.82356933983	4.0273045216	3.0971905479
5.09980199541	2.83623615399	4.02692414169	3.08864386165
5.08848944036	2.84523764835	4.02206301675	3.08641360614
5.06864347111	2.86042431448	3.99491926362	3.09532248376
5.05739145765	2.86866159219	3.98080701297	3.09335137581
5.04044519102	2.88044470269	3.9448844341	3.08934663296
5.03162211026	2.88635347074	3.921814162	3.09715356298
5.01064435003	2.89977579205	3.89038306755	3.0890365928
5.00164862463	2.90525603683	3.96639472519	3.0154331092
4.98310051036	2.91602984765	3.86533068477	3.0870517744
4.97727175138	2.91923688506	3.87235147064	3.0931914121
4.96517151844	2.92572928036	3.9344766329	3.0230621509
4.94281077759	2.93735632283	3.92958963324	3.01575254583
4.93697350376	2.94027177018	3.93196555292	3.01582717537
4.92404836654	2.94655519393	3.9122460474	3.00191452887
4.91665849513	2.94998113352	3.87813502101	3.00658865779
4.90487174381	2.95527596012	3.81492247803	3.08015270655
4.89938204531	2.95762317932	3.76971875656	3.06895152561
4.88601005713	2.96322938121	3.78186028281	3.06225685832
4.885810841	2.96330546262	3.77530780321	3.06041340033
4.88509692069	2.96358754728	3.76343072047	3.05243527528
4.88509692069	2.96358754728	3.75497235529	3.05140301953
4.88517631064	2.96355637075	3.75700367823	3.04349743098
4.88517631064	2.96355637075	3.74072802276	3.03904564465
4.88517631064	2.96355637075	3.73179833195	3.03101942791
4.88418393628	2.96394607744	3.71065549411	3.02347549465
4.86469659212	2.97160726685	3.71855765976	2.93433743594
4.85276144703	2.97621528881	3.72788010234	2.94091773909
4.83951536894	2.98121526547	3.68555957039	3.01586252136
4.82360660988	2.98700759212	3.67978361447	3.01964531271
4.80800375896	2.99251587508	3.68452958987	3.02903629338
4.79602097289	2.99661912128	3.68310577556	3.03012404428
4.78256066141	3.00114581246	3.68826665233	3.03390437572
4.76149985859	3.00795123082	3.68064996064	3.02791431947
4.74080977312	3.01422861578	3.67210674928	3.02685148997
4.72728924894	3.01813373303	3.67547709406	3.03019403174
4.70737110351	3.02354623722	3.66837420748	3.02581783421
4.69349780615	3.027131256	3.65768509929	3.02466167925
4.67942638061	3.03062868713	3.64849799594	3.02553613469
4.65450477946	3.03642743751	3.64943375966	3.02584758019
4.64021226612	3.03954035745	3.63180094151	3.02550619913
4.61843974012	3.04396901773	3.6153826342	3.02424228333
4.60376816004	3.04671296523	3.59296330568	3.02318663565
4.58187027434	3.05047318775	3.57242141593	3.0119069008
4.56733681346	3.05276347172	3.60740713472	3.10886750506
4.54792321187	3.0555813184	3.6055613901	3.10388663855
4.54225857789	3.0563351295	3.60554416874	3.09772686937
4.52846469463	3.05807045498	3.59337077385	3.09212904559
4.51653189703	3.05956626682	3.57316373134	3.08478510636
4.51094627197	3.06026595354	3.56938022782	3.08006308019
4.50341555929	3.06122068733	3.54188027474	3.07337727224
4.50248509363	3.06134100832	3.51522931676	3.0665485503
4.50248509363	3.06134100832	3.47032982282	2.95686197625
4.48953932795	3.06298464637	3.44449932968	2.9516983857
4.4805702518	3.06412247564	3.42068174106	2.94346998395
4.46699004859	3.06584784476	3.41838408542	2.9472987743
4.46021549291	3.06666253533	3.40533082417	2.94372291409
4.44476110287	3.0685214459	3.40712620979	2.94691671993
4.43429333964	3.06969682202	3.40685366674	2.94213805561
4.41190574516	3.07210834895	3.39823747582	2.94218890013
4.4006246626	3.07330001084	3.40982042263	2.95435146516
4.37792638038	3.07561021934	3.39476763455	2.95731236572
4.35723624028	3.07741159306	3.39699836039	2.95150718717
4.3446059385	3.07835985952	3.40433512329	2.95574994627
4.32371544506	3.0797868729	3.39507083829	2.95619940444
4.30915566401	3.08064224989	3.39638012772	2.96029126767
4.29373707134	3.08141248598	3.39896546644	2.96303453604
4.28751554319	3.08165678151	3.40209587289	2.96532732618
4.27259963979	3.08220880993	3.38459327731	2.97589702438
4.25597380125	3.08265908653	3.35975564414	2.97143136163
4.24689302284	3.08288577356	3.34024284776	2.96582305765
4.22625705782	3.08332655966	3.3099296976	2.95991221899
4.21167383143	3.08354944296	3.24523707272	2.86686448857
4.2086887062	3.0835735808	3.21859047983	2.8591793952
4.20595945647	3.08359658727	3.1904123969	2.84807764894
4.20365673342	3.08362247372	3.20467714484	2.86052236383
4.20131194331	3.08368121611	3.20672696319	2.85413229565
4.19730502879	3.08380165763	3.24855914293	2.9580494844
4.18963415761	3.08408996675	3.202502056	2.95648986428
4.16939804379	3.08500628297	3.17280120713	2.96577270878
4.15546476334	3.08558400272	3.13184317517	2.97034927682
4.1344130693	3.08639047774	3.1711727295	2.8775715872
4.12004886974	3.08685387283	3.13564289596	2.87318642929
4.10917664893	3.08708505285	3.142348758	2.88420250595
4.10269516353	3.08718121468	3.10783873555	2.88471485089
4.09574435049	3.08726369013	3.07101477715	2.89164765275
4.09587228395	3.087262596	2.99387084844	2.98700461925
4.07966718484	3.08737593919	2.95095889235	2.99068929662
4.07028539822	3.08745617524	2.93104054996	3.00079202261
4.05689520807	3.08758985179	2.96047787076	3.09217024139
4.04107436038	3.08774858116	2.96109957493	3.09319135552
4.02832322644	3.08774490426	2.96201358748	3.08532488348
4.02149988598	3.08772584985	2.94848411949	3.07969207888
4.00712818036	3.08773930704	2.93414826923	3.07710939119
3.99650939584	3.08777941055	2.87598904958	2.98651482257
3.98776717258	3.08784003439	2.83477824949	2.99025728933
3.97697823875	3.0879454871	2.82266106004	2.99007836455
3.95663748067	3.08818265709	2.7775787522	2.98859867345
3.95245829292	3.08821495999	2.82452763687	2.89068351514
3.95092305105	3.08822190442	2.82123558293	2.89361662515
3.94490996214	3.08822666803	2.79383882813	2.88996558662
3.9458055292	3.08822646706	2.79340596054	2.90343802358
3.93642343647	3.08825213097	2.76999192755	2.90482226429
3.92751042443	3.08826586355	2.74628066464	2.8995187178
3.91198726591	3.08826747871	2.64907725328	2.99139448233
3.89544132913	3.0881160877	2.61090708	2.98795613448
3.88119871406	3.08793404837	2.58027709509	2.99211060356
3.86149900886	3.08760460084	2.55081153225	2.98834659913
3.84043589449	3.08719288765	2.57088037791	3.08536662619
3.82645152114	3.0868787392	2.57535881687	3.08096370541
3.80999583522	3.08644625342	2.57889175876	3.0725331224
3.79984969528	3.08617525117	2.56164808793	3.06125880307
3.77784840295	3.08575829876	2.5129216146	3.0639178148
3.76514069871	3.08561581049	2.42984599645	2.96126431303
3.75217656634	3.0855352019	2.40563330523	2.95608251568
3.75204862822	3.08553515724	2.3834704285	2.95276982279
3.74130189747	3.085575298	2.39482255166	2.8530687914
3.7424106903	3.08557839434	2.38204305609	2.85424357618
3.72411555079	3.0855662397	2.35752602194	2.85520214571
3.7123452662	3.08558823415	2.34976471829	2.87032009566
3.70151323054	3.08562415467	2.33843468829	2.8818702659
3.67400700902	3.08550255012	2.31435117834	2.8715274659
3.66355972135	3.08535849274	2.29348734037	2.87118786324
3.64253841757	3.08499394668	2.19397024472	2.95397790886
3.62143726765	3.08439173103	2.16114964981	2.95473964696
3.61035578321	3.08401250265	2.12136719845	2.95172572918
3.58487232991	3.0830317469	2.07302800773	2.94896009209
3.57034184628	3.08244560223	2.12908967758	3.04909644061
3.55576797024	3.08187744007	2.11931338323	3.04538658306
3.53458837015	3.08106745918	2.08443652041	3.04330702834
3.51204398258	3.0802348504	2.09570232535	3.03795543541
3.50045257697	3.07979563159	2.09891483439	3.03467293474
3.47790934341	3.07893235646	2.08641075037	3.0320908807
3.45609147671	3.07807324557	2.08105932897	3.03137676415
3.44846364088	3.07777557318	2.09583651594	3.0327630044
3.44756868184	3.07774260012	2.09713548444	3.03405183546
3.42655878359	3.07695986057	2.09587460693	3.02604617523
3.41931474591	3.07667017631	2.05089628314	3.02633401784
3.4046962771	3.07615486949	2.06723132965	3.03261581247
3.3927610821	3.07578604619	2.10316425671	3.04166335409
3.37890915625	3.07531475645	2.07066817145	3.03072270494
3.37916489336	3.07532318799	2.08857725926	3.03276832343
3.36390455579	3.07486291469	2.01377733763	2.9384200999
3.36526831153	3.07491301072	2.06745229571	3.03198613978
3.34310195502	3.07426194953	2.05539717838	3.02740886255
3.33525995907	3.07398536025	2.00573222602	2.93215254546
3.2967236616	3.07289378406	1.91874280206	2.84906545724
3.28244172867	3.07253588116	1.92573071129	2.84844765908
3.26743619835	3.07211593458	1.91972789876	2.84665916676
3.26074273962	3.07195351889	1.93296733685	2.84261396099
3.24944359635	3.07173924427	1.98821769754	2.93820436976
3.24176743823	3.07169741414	1.96314319724	2.93938553653
3.22948539622	3.07167597791	1.95914055087	2.94945504704
3.22099893242	3.07163789155	1.96953310449	3.04058435043
3.20359945644	3.07158494872	1.96018614465	3.04607751558
3.17762863756	3.07144197538	1.9763422594	3.04882940895
3.16935536056	3.07147229866	1.97479375487	3.04918352077
3.15097539971	3.07160378049	1.969689873	3.04829167779
3.14317173954	3.07169776273	1.96097779817	3.04640476956
3.12551925927	3.07201946621	1.95859286051	3.04738982164
3.11537259168	3.07226959713	1.96148288232	3.04668311395
3.11503155634	3.07227912311	1.96234084885	3.05038666842
3.11422176339	3.07230703676	1.94714390953	2.9611976429
3.11422176339	3.07230703676	1.91608098628	2.95980333589
3.10573985603	3.07258814996	1.90000032361	2.96484237561
3.09938866643	3.07278558455	1.91116281289	2.86368508772
3.08404236228	3.07322437226	1.86503128622	2.97698510982
3.06639320637	3.07369620362	1.85255573829	2.97847199854
3.04933930696	3.07408802025	1.90106927737	2.88497194714
3.03825372689	3.07431829441	1.8380625311	2.99201445904
3.01961940776	3.07458646784	1.81821853366	2.98163577545
2.99816882858	3.07470688207	1.79734937313	2.98503279375
2.98853083449	3.07469174273	1.76773839293	2.89804161666
2.95808199532	3.07454768931	1.68044464957	2.90030245293
2.94767743066	3.07440091601	1.61530198787	2.89201333808
2.93906509974	3.07420851248	1.6178707745	2.90671096872
2.92819565541	3.07387085833	1.61073968781	2.90180535773
2.91622208851	3.07338228504	1.59856969112	2.89642623761
2.90783018907	3.07298563149	1.58928989369	2.89429096013
2.8950981256	3.07228837266	1.58738668262	2.88432636031
2.88701105924	3.07178488757	1.63368128142	2.98449189646
2.87195192155	3.07072113565	1.58282771692	2.98612440435
2.83525948702	3.06786384032	1.59523924042	2.88735634103
2.81378600332	3.06622080257	1.58728944628	2.89615909907
2.80430320516	3.06550112937	1.5854919999	2.90126810302
2.79184501174	3.06453903741	1.57266601202	2.90978330192
2.77089084229	3.06282160103	1.54288692923	2.90769413448
2.76209656918	3.06205374844	1.55527983356	2.91571821319
2.74171163332	3.06018876822	1.54462816437	2.92006031509
2.72982704342	3.05903080325	1.48061142188	3.01979795245
2.71099232548	3.05708628022	1.52820536017	2.92088845722
2.69903557878	3.05579580711	1.47711223262	3.01773589375
2.6749473253	3.05324578343	1.46317945604	3.01813126763
2.65577335605	3.05126517705	1.45106098828	3.0174709345
2.64050470975	3.04966269017	1.42528307902	3.01635192151
2.63392186842	3.04906246862	1.39605942171	3.02902420312
2.62130457688	3.04795416053	1.31033207281	2.95099713384
2.6121327148	3.04710005347	1.26423614844	2.93421367561
2.6047397554	3.0464623537	1.2317426493	2.94118868925
2.6036353922	3.04636331366	1.22220140091	2.92462890192
2.60291349729	3.04629647257	1.22023342581	2.9216988711
2.59726683132	3.04576179337	1.20668778492	2.91448002709
2.59200184452	3.04526781384	1.2000744569	2.90961905734
2.58019743092	3.04416736196	1.19994329683	2.91493720689
2.56635579106	3.04286679937	1.22559167749	2.99516144374
2.55145647717	3.04142659531	1.18367227436	2.91033055667
2.53821425311	3.04012985915	1.17757089519	2.9961545814
2.5290443957	3.03925457428	1.19083627157	2.91853945727
2.50751719553	3.03723701474	1.17851664238	2.91998190646
2.49482420716	3.03602034489	1.17013252157	2.91797803292
2.49478174898	3.03601634636	1.17293999955	2.92275379952
2.48484607421	3.03508560429	1.1594122672	2.92327799326
2.48590722739	3.03518871641	1.13259351699	2.91875092433
2.480558729	3.03467198728	1.091105608	2.92574842108
2.46562135671	3.03318293926	1.02071798531	3.01941865146
2.44638931617	3.03135579527	0.977774684075	3.02279269079
2.43594529367	3.03036486613	0.997960804293	3.02597662656
2.41059761845	3.02797943669	0.985994967152	3.03389072625
2.39679746374	3.02669324001	0.991479427408	3.03194356042
2.39611776484	3.02663330336	0.998662707609	3.0376185102
2.39582030634	3.0266081234	0.99932871682	3.03308359685
2.39582030634	3.0266081234	1.00031887913	3.03410686144
2.39582030634	3.0266081234	0.997427440029	3.03724730236
2.38991551638	3.02608632847	0.993912712416	3.03126514696
2.37865888022	3.02508368073	1.00062704136	3.03530646702
2.35597846257	3.02303247108	0.997097208378	3.02847108171
2.34263932739	3.02185665393	0.991235144736	3.02888517797
2.32861865121	3.02064224211	0.973031644085	3.01798959141
2.3077058415	3.01894162654	0.993218605895	3.02437698085
2.28644826177	3.01727242647	1.00017952725	3.02847199088
2.27232871561	3.01622307337	1.00043063717	3.03075683806
2.25220714576	3.01480387422	0.990682365037	3.03359739475
2.2382475542	3.01391479727	0.993893681964	3.03201693225
2.22385767063	3.01307539711	0.993844495882	3.03428912629
2.19860152857	3.01178667526	1.00059927838	3.03592063371
2.18466805798	3.01121355888	1.00286476436	3.03613566901
2.16292853709	3.01056223897	0.993516154736	3.04314918099
2.14894240062	3.01034190186	0.998198517374	3.04212602116
2.12706620245	3.01011126566	0.994601787485	3.04393609099
2.11593588397	3.0100296747	1.00549830686	3.04044811769
2.08975132605	3.00996909515	1.00054112187	3.04264153625
2.07081650022	3.00999484096	0.992385806442	3.04149679151
2.05567721328	3.01003467658	0.992482631058	3.0416884197
2.0334164036	3.01017030454	0.985678582709	3.04790968394
2.02215822673	3.01026265797	0.995916655522	3.04520911456
2.00642256972	3.01041392993	0.999981209376	3.04966262373
2.00612407437	3.01041794166	0.997202582181	3.04871638493
2.00501543197	3.01043647422	1.00224670939	3.04353310157
2.00548448981	3.01042972353	1.00307752768	3.05230365888
1.99414197991	3.01060393823	0.990136099769	3.04945337434
1.98757517116	3.01069855213	1.00565515451	3.04974876301
1.98100857651	3.01080715004	0.993741869235	3.05092155541
1.9703484699	3.01098019542	0.993589105572	3.05528647236
1.9643359356	3.01106205253	0.990141757483	3.04718283878
1.94241942579	3.01145690456	0.982720284824	3.05378405611
1.92728239282	3.01171941025	0.988105505877	3.05404102822
1.92779403732	3.0117088715	0.996314512044	3.05139103329
1.92651488924	3.01173326862	0.991501043706	3.05869574664
1.92689862756	3.01172563246	0.99243256353	3.06016397894
1.92694126441	3.01172474679	0.989400087293	3.05761937621
1.91014219676	3.01206634842	0.987543648745	3.06208772652
1.89146598065	3.01238689378	0.977166612786	3.06259627078
1.88127570109	3.01259501181	0.986388357071	3.06054564652
1.86724758364	3.0128561318	0.989476485058	3.06162451909
1.86648011069	3.01287159759	0.984378333836	3.06258544033
1.8661816688	3.01287852653	0.979258526633	3.06341668862
1.86639484989	3.01287394935	0.980288215408	3.0684615596
1.86639484989	3.01287394935	0.981615359665	3.06655102195
1.84639870438	3.01331422749	0.975521837954	3.06973547907
1.83441740395	3.01354576167	0.974823912127	3.07115752363
1.83437476838	3.01354670687	0.97869929765	3.07163103292
1.83296780244	3.0135782557	0.973799147202	3.06949718984
1.83343681909	3.01356908634	0.977038135622	3.07423578803
1.83377791752	3.01356217958	0.979493321759	3.07607995323
1.8153160158	3.01393840416	0.98295013268	3.07568687641
1.80414499119	3.01416181731	0.980318904647	3.07413992278
1.80359073718	3.01417447699	0.989167820793	3.07012532586
1.80261018364	3.01419895493	0.988454634466	3.07309116091
1.80312180912	3.01418755299	0.988163604485	3.07513539245
1.80346288556	3.0141796342	0.99635687869	3.07603453366
1.80346288556	3.0141796342	0.988113905017	3.0757511214
1.80346288556	3.0141796342	0.99788028546	3.07073420818
1.80346288556	3.0141796342	1.00146067137	3.07319722891
1.80346288556	3.0141796342	0.990474783419	3.07547202028
1.80346288556	3.0141796342	0.999659957535	3.07525192522
1.79480807089	3.01438057346	0.989591896453	3.07593271616
1.78427724612	3.01462115943	0.992312435471	3.07730410357
1.76726620053	3.01502128753	0.983688691564	3.08003849066
1.75588353191	3.01531618878	0.985569657536	3.07804738183
1.74364911457	3.01566584959	0.982765977358	3.08097695138
1.74369174293	3.01566462164	0.982951490349	3.08314861615
1.73576335385	3.01590931322	0.985677539467	3.08169448633
1.73158595446	3.01603581243	0.992765290979	2.99495641544
1.72118563601	3.01636794284	0.965698290448	3.08369332536
1.70835505473	3.01675619946	0.959028131489	3.08772912906
1.69283813291	3.01719141338	0.964311499582	3.07825825288
1.68149714924	3.01744580572	0.971400941711	3.07717784233
1.68128402014	3.01745241421	0.970755698564	3.077600998
1.68132665098	3.01745127554	0.965276503038	3.08020434425
1.68141191205	3.01744897589	0.981903859193	2.98715924602
1.68192349386	3.01743575835	0.948274715583	3.07423659681
1.66521281147	3.01790422767	0.950181741893	3.06581400097
1.64879891927	3.01830163698	0.952585314034	3.09117904537
